-1.32726E+02	 8.75300E+02
-1.29701E+02	 8.75300E+02
-1.26677E+02	 8.75300E+02
-1.23654E+02	 8.75100E+02
-1.20632E+02	 8.75200E+02
-1.17611E+02	 8.75600E+02
-1.14591E+02	 8.74800E+02
-1.11572E+02	 8.74900E+02
-1.08553E+02	 8.74800E+02
-1.05536E+02	 8.75200E+02
-1.02520E+02	 8.75000E+02
-9.95054E+01	 8.75200E+02
-9.64914E+01	 8.76000E+02
-9.34784E+01	 8.75400E+02
-9.04664E+01	 8.74800E+02
-8.74554E+01	 8.75300E+02
-8.44454E+01	 8.75800E+02
-8.14364E+01	 8.75200E+02
-7.84285E+01	 8.75200E+02
-7.54215E+01	 8.75300E+02
-7.24155E+01	 8.75200E+02
-6.94106E+01	 8.75100E+02
-6.64066E+01	 8.75400E+02
-6.34037E+01	 8.75100E+02
-6.04017E+01	 8.75200E+02
-5.74008E+01	 8.74900E+02
-5.44008E+01	 8.75600E+02
-5.14018E+01	 8.75300E+02
-4.84039E+01	 8.75400E+02
-4.54069E+01	 8.75500E+02
-4.24110E+01	 8.74900E+02
-3.94160E+01	 8.75200E+02
-3.64221E+01	 8.75100E+02
-3.34291E+01	 8.74800E+02
-3.04372E+01	 8.76300E+02
-2.74462E+01	 8.75100E+02
-2.44562E+01	 8.75900E+02
-2.14673E+01	 8.76000E+02
-1.84793E+01	 8.76500E+02
-1.54923E+01	 8.79600E+02
-1.25063E+01	 9.04900E+02
-9.52133E+00	 1.05480E+03
-6.53733E+00	 1.21580E+03
-3.55433E+00	 1.16620E+03
-5.72313E-01	 1.00570E+03
 2.40871E+00	 8.95900E+02
 5.38874E+00	 8.78200E+02
 8.36777E+00	 8.75700E+02
 1.13458E+01	 8.75500E+02
 1.43229E+01	 8.75700E+02
 1.72989E+01	 8.75300E+02
 2.02740E+01	 8.74900E+02
 2.32481E+01	 8.75100E+02
 2.62212E+01	 8.75300E+02
 2.91933E+01	 8.75000E+02
 3.21644E+01	 8.75800E+02
 3.51346E+01	 8.75200E+02
 3.81037E+01	 8.74700E+02
 4.10719E+01	 8.75200E+02
 4.40391E+01	 8.75000E+02
 4.70053E+01	 8.75600E+02
 4.99705E+01	 8.75300E+02
 5.29347E+01	 8.75400E+02
 5.58980E+01	 8.75000E+02
 5.88602E+01	 8.75700E+02
 6.18215E+01	 8.75600E+02
 6.47818E+01	 8.75000E+02
 6.77411E+01	 8.74600E+02
 7.06994E+01	 8.75300E+02
 7.36568E+01	 8.75300E+02
 7.66131E+01	 8.76600E+02
 7.95685E+01	 8.76400E+02
 8.25229E+01	 8.77400E+02
 8.54764E+01	 8.77500E+02
 8.84288E+01	 8.76700E+02
 9.13803E+01	 8.77500E+02
 9.43308E+01	 8.77500E+02
 9.72803E+01	 8.76900E+02
 1.00229E+02	 8.76600E+02
 1.03176E+02	 8.77100E+02
 1.06123E+02	 8.77300E+02
 1.09069E+02	 8.77500E+02
 1.12013E+02	 8.76600E+02
 1.14957E+02	 8.77400E+02
 1.17900E+02	 8.76700E+02
 1.20841E+02	 8.76600E+02
 1.23782E+02	 8.76500E+02
 1.26722E+02	 8.76300E+02
 1.29661E+02	 8.76700E+02
 1.32598E+02	 8.76800E+02
 1.35535E+02	 8.76600E+02
 1.38471E+02	 8.77200E+02
 1.41406E+02	 8.76700E+02
 1.44340E+02	 8.76200E+02
 1.47273E+02	 8.76400E+02
 1.50205E+02	 8.76500E+02
 1.53136E+02	 8.77500E+02
 1.56066E+02	 8.76300E+02
 1.58995E+02	 8.75800E+02
 1.61923E+02	 8.77000E+02
 1.64850E+02	 8.76400E+02
 1.67777E+02	 8.76600E+02
 1.70702E+02	 8.76700E+02
 1.73626E+02	 8.77600E+02
 1.76549E+02	 8.76800E+02
 1.79472E+02	 8.76100E+02
 1.82393E+02	 8.76300E+02
 1.85314E+02	 8.76600E+02
 1.88233E+02	 8.75900E+02
 1.91152E+02	 8.76800E+02
 1.94069E+02	 8.77300E+02
 1.96986E+02	 8.77100E+02
 1.99901E+02	 8.76500E+02
 2.02816E+02	 8.76900E+02
 2.05729E+02	 8.76400E+02
 2.08642E+02	 8.76400E+02
 2.11554E+02	 8.75900E+02
 2.14465E+02	 8.76400E+02
 2.17375E+02	 8.75900E+02
 2.20283E+02	 8.76700E+02
 2.23191E+02	 8.76600E+02
 2.26098E+02	 8.77000E+02
 2.29004E+02	 8.76800E+02
 2.31909E+02	 8.77000E+02
 2.34813E+02	 8.76900E+02
 2.37717E+02	 8.76900E+02
 2.40619E+02	 8.76700E+02
 2.43520E+02	 8.76900E+02
 2.46420E+02	 8.76800E+02
 2.49320E+02	 8.77100E+02
 2.52218E+02	 8.76500E+02
 2.55115E+02	 8.76900E+02
 2.58012E+02	 8.77000E+02
 2.60907E+02	 8.77100E+02
 2.63802E+02	 8.77000E+02
 2.66696E+02	 8.76800E+02
 2.69588E+02	 8.77200E+02
 2.72480E+02	 8.76300E+02
 2.75371E+02	 8.76400E+02
 2.78260E+02	 8.76400E+02
 2.81149E+02	 8.77500E+02
 2.84037E+02	 8.77300E+02
 2.86924E+02	 8.77000E+02
 2.89810E+02	 8.76800E+02
 2.92695E+02	 8.76200E+02
 2.95579E+02	 8.76600E+02
 2.98463E+02	 8.76700E+02
 3.01345E+02	 8.76700E+02
 3.04226E+02	 8.77200E+02
 3.07106E+02	 8.77000E+02
 3.09986E+02	 8.76700E+02
 3.12864E+02	 8.76600E+02
 3.15742E+02	 8.77000E+02
 3.18618E+02	 8.76500E+02
 3.21494E+02	 8.76100E+02
 3.24369E+02	 8.76600E+02
 3.27242E+02	 8.77000E+02
 3.30115E+02	 8.77000E+02
 3.32987E+02	 8.77100E+02
 3.35858E+02	 8.77900E+02
 3.38728E+02	 8.77100E+02
 3.41597E+02	 8.76800E+02
 3.44465E+02	 8.76600E+02
 3.47332E+02	 8.76300E+02
 3.50198E+02	 8.76800E+02
 3.53063E+02	 8.76500E+02
 3.55928E+02	 8.77300E+02
 3.58791E+02	 8.77600E+02
 3.61654E+02	 8.76800E+02
 3.64515E+02	 8.76900E+02
 3.67376E+02	 8.77500E+02
 3.70235E+02	 8.77000E+02
 3.73094E+02	 8.77400E+02
 3.75952E+02	 8.77000E+02
 3.78809E+02	 8.76900E+02
 3.81665E+02	 8.76800E+02
 3.84520E+02	 8.76700E+02
 3.87374E+02	 8.77000E+02
 3.90227E+02	 8.76800E+02
 3.93079E+02	 8.76900E+02
 3.95930E+02	 8.77200E+02
 3.98781E+02	 8.76700E+02
 4.01630E+02	 8.77400E+02
 4.04478E+02	 8.77100E+02
 4.07326E+02	 8.76900E+02
 4.10173E+02	 8.76400E+02
 4.13018E+02	 8.76800E+02
 4.15863E+02	 8.77000E+02
 4.18707E+02	 8.76300E+02
 4.21550E+02	 8.77100E+02
 4.24392E+02	 8.77100E+02
 4.27233E+02	 8.76900E+02
 4.30073E+02	 8.77000E+02
 4.32912E+02	 8.76800E+02
 4.35750E+02	 8.77100E+02
 4.38587E+02	 8.76600E+02
 4.41424E+02	 8.77600E+02
 4.44259E+02	 8.76800E+02
 4.47094E+02	 8.77300E+02
 4.49928E+02	 8.76800E+02
 4.52760E+02	 8.77100E+02
 4.55592E+02	 8.76900E+02
 4.58423E+02	 8.77100E+02
 4.61253E+02	 8.76800E+02
 4.64082E+02	 8.77100E+02
 4.66910E+02	 8.76900E+02
 4.69737E+02	 8.77200E+02
 4.72563E+02	 8.77300E+02
 4.75389E+02	 8.77300E+02
 4.78213E+02	 8.77500E+02
 4.81037E+02	 8.76700E+02
 4.83859E+02	 8.77100E+02
 4.86681E+02	 8.77400E+02
 4.89502E+02	 8.77400E+02
 4.92321E+02	 8.77700E+02
 4.95140E+02	 8.77300E+02
 4.97958E+02	 8.77300E+02
 5.00775E+02	 8.77200E+02
 5.03592E+02	 8.77700E+02
 5.06407E+02	 8.76800E+02
 5.09221E+02	 8.77400E+02
 5.12035E+02	 8.78100E+02
 5.14847E+02	 8.79000E+02
 5.17659E+02	 8.78600E+02
 5.20469E+02	 8.78900E+02
 5.23279E+02	 8.78500E+02
 5.26088E+02	 8.77800E+02
 5.28896E+02	 8.77900E+02
 5.31703E+02	 8.77800E+02
 5.34509E+02	 8.77100E+02
 5.37314E+02	 8.77400E+02
 5.40119E+02	 8.77500E+02
 5.42922E+02	 8.77100E+02
 5.45724E+02	 8.77700E+02
 5.48526E+02	 8.77600E+02
 5.51327E+02	 8.77200E+02
 5.54126E+02	 8.77600E+02
 5.56925E+02	 8.77200E+02
 5.59723E+02	 8.77100E+02
 5.62520E+02	 8.77500E+02
 5.65316E+02	 8.77100E+02
 5.68112E+02	 8.77200E+02
 5.70906E+02	 8.77500E+02
 5.73699E+02	 8.78000E+02
 5.76492E+02	 8.77600E+02
 5.79283E+02	 8.77500E+02
 5.82074E+02	 8.77200E+02
 5.84864E+02	 8.77000E+02
 5.87653E+02	 8.77300E+02
 5.90441E+02	 8.77100E+02
 5.93228E+02	 8.77500E+02
 5.96014E+02	 8.77500E+02
 5.98799E+02	 8.77500E+02
 6.01584E+02	 8.77400E+02
 6.04367E+02	 8.78000E+02
 6.07150E+02	 8.77600E+02
 6.09931E+02	 8.77300E+02
 6.12712E+02	 8.77500E+02
 6.15492E+02	 8.77100E+02
 6.18271E+02	 8.77300E+02
 6.21049E+02	 8.77500E+02
 6.23826E+02	 8.77100E+02
 6.26603E+02	 8.77800E+02
 6.29378E+02	 8.77300E+02
 6.32152E+02	 8.77100E+02
 6.34926E+02	 8.77700E+02
 6.37699E+02	 8.77300E+02
 6.40471E+02	 8.78000E+02
 6.43241E+02	 8.77300E+02
 6.46011E+02	 8.77300E+02
 6.48781E+02	 8.77500E+02
 6.51549E+02	 8.77600E+02
 6.54316E+02	 8.77900E+02
 6.57083E+02	 8.77700E+02
 6.59848E+02	 8.77400E+02
 6.62613E+02	 8.77700E+02
 6.65377E+02	 8.78200E+02
 6.68139E+02	 8.77900E+02
 6.70901E+02	 8.77600E+02
 6.73663E+02	 8.77300E+02
 6.76423E+02	 8.78000E+02
 6.79182E+02	 8.77800E+02
 6.81941E+02	 8.77700E+02
 6.84698E+02	 8.77300E+02
 6.87455E+02	 8.77100E+02
 6.90210E+02	 8.76900E+02
 6.92965E+02	 8.77400E+02
 6.95719E+02	 8.77600E+02
 6.98472E+02	 8.77400E+02
 7.01225E+02	 8.77800E+02
 7.03976E+02	 8.77800E+02
 7.06726E+02	 8.77400E+02
 7.09476E+02	 8.77800E+02
 7.12225E+02	 8.77300E+02
 7.14972E+02	 8.77300E+02
 7.17719E+02	 8.77300E+02
 7.20465E+02	 8.77500E+02
 7.23211E+02	 8.78100E+02
 7.25955E+02	 8.78300E+02
 7.28698E+02	 8.77900E+02
 7.31441E+02	 8.78100E+02
 7.34182E+02	 8.78100E+02
 7.36923E+02	 8.77900E+02
 7.39663E+02	 8.78300E+02
 7.42402E+02	 8.77800E+02
 7.45140E+02	 8.77800E+02
 7.47877E+02	 8.77500E+02
 7.50613E+02	 8.77200E+02
 7.53349E+02	 8.77700E+02
 7.56083E+02	 8.77900E+02
 7.58817E+02	 8.78000E+02
 7.61550E+02	 8.78100E+02
 7.64282E+02	 8.77600E+02
 7.67013E+02	 8.77900E+02
 7.69743E+02	 8.78000E+02
 7.72472E+02	 8.78100E+02
 7.75201E+02	 8.77800E+02
 7.77928E+02	 8.78000E+02
 7.80655E+02	 8.78000E+02
 7.83381E+02	 8.77900E+02
 7.86106E+02	 8.78100E+02
 7.88830E+02	 8.77900E+02
 7.91553E+02	 8.77900E+02
 7.94275E+02	 8.77800E+02
 7.96997E+02	 8.78000E+02
 7.99717E+02	 8.77900E+02
 8.02437E+02	 8.77900E+02
 8.05156E+02	 8.78200E+02
 8.07874E+02	 8.78100E+02
 8.10591E+02	 8.78500E+02
 8.13307E+02	 8.77800E+02
 8.16023E+02	 8.78200E+02
 8.18737E+02	 8.77700E+02
 8.21451E+02	 8.77700E+02
 8.24163E+02	 8.77800E+02
 8.26875E+02	 8.78500E+02
 8.29586E+02	 8.77900E+02
 8.32296E+02	 8.77800E+02
 8.35006E+02	 8.78400E+02
 8.37714E+02	 8.77900E+02
 8.40422E+02	 8.77600E+02
 8.43128E+02	 8.78300E+02
 8.45834E+02	 8.78000E+02
 8.48539E+02	 8.77700E+02
 8.51243E+02	 8.77300E+02
 8.53946E+02	 8.78400E+02
 8.56649E+02	 8.77600E+02
 8.59350E+02	 8.77900E+02
 8.62051E+02	 8.78000E+02
 8.64751E+02	 8.78100E+02
 8.67449E+02	 8.78300E+02
 8.70147E+02	 8.77800E+02
 8.72845E+02	 8.77400E+02
 8.75541E+02	 8.77700E+02
 8.78236E+02	 8.78100E+02
 8.80931E+02	 8.78300E+02
 8.83625E+02	 8.77400E+02
 8.86318E+02	 8.78300E+02
 8.89010E+02	 8.78100E+02
 8.91701E+02	 8.77900E+02
 8.94391E+02	 8.78200E+02
 8.97081E+02	 8.77700E+02
 8.99769E+02	 8.77900E+02
 9.02457E+02	 8.77600E+02
 9.05144E+02	 8.77700E+02
 9.07830E+02	 8.78300E+02
 9.10515E+02	 8.77500E+02
 9.13199E+02	 8.77900E+02
 9.15883E+02	 8.78400E+02
 9.18565E+02	 8.78000E+02
 9.21247E+02	 8.77800E+02
 9.23928E+02	 8.77300E+02
 9.26608E+02	 8.78300E+02
 9.29287E+02	 8.78700E+02
 9.31965E+02	 8.78900E+02
 9.34643E+02	 8.78500E+02
 9.37319E+02	 8.78000E+02
 9.39995E+02	 8.78100E+02
 9.42670E+02	 8.78500E+02
 9.45344E+02	 8.78600E+02
 9.48017E+02	 8.78800E+02
 9.50690E+02	 8.78700E+02
 9.53361E+02	 8.78400E+02
 9.56032E+02	 8.78200E+02
 9.58702E+02	 8.78700E+02
 9.61371E+02	 8.78600E+02
 9.64039E+02	 8.78800E+02
 9.66706E+02	 8.78100E+02
 9.69372E+02	 8.78100E+02
 9.72038E+02	 8.77900E+02
 9.74703E+02	 8.77900E+02
 9.77367E+02	 8.78000E+02
 9.80030E+02	 8.78600E+02
 9.82692E+02	 8.78600E+02
 9.85353E+02	 8.78200E+02
 9.88014E+02	 8.78600E+02
 9.90673E+02	 8.78100E+02
 9.93332E+02	 8.78200E+02
 9.95990E+02	 8.78100E+02
 9.98647E+02	 8.77700E+02
 1.00130E+03	 8.78400E+02
 1.00396E+03	 8.78300E+02
 1.00661E+03	 8.78100E+02
 1.00927E+03	 8.78800E+02
 1.01192E+03	 8.78200E+02
 1.01457E+03	 8.78000E+02
 1.01722E+03	 8.77900E+02
 1.01987E+03	 8.78500E+02
 1.02252E+03	 8.77700E+02
 1.02517E+03	 8.78400E+02
 1.02782E+03	 8.78300E+02
 1.03047E+03	 8.78200E+02
 1.03311E+03	 8.78700E+02
 1.03576E+03	 8.78500E+02
 1.03840E+03	 8.78600E+02
 1.04105E+03	 8.77800E+02
 1.04369E+03	 8.78000E+02
 1.04633E+03	 8.78400E+02
 1.04897E+03	 8.78300E+02
 1.05161E+03	 8.77900E+02
 1.05425E+03	 8.78500E+02
 1.05689E+03	 8.78600E+02
 1.05953E+03	 8.78300E+02
 1.06217E+03	 8.78900E+02
 1.06480E+03	 8.78200E+02
 1.06744E+03	 8.78600E+02
 1.07007E+03	 8.78300E+02
 1.07271E+03	 8.78400E+02
 1.07534E+03	 8.77700E+02
 1.07797E+03	 8.78500E+02
 1.08060E+03	 8.78500E+02
 1.08323E+03	 8.78400E+02
 1.08586E+03	 8.78600E+02
 1.08849E+03	 8.79000E+02
 1.09112E+03	 8.78400E+02
 1.09374E+03	 8.79100E+02
 1.09637E+03	 8.78300E+02
 1.09900E+03	 8.78100E+02
 1.10162E+03	 8.78700E+02
 1.10424E+03	 8.78500E+02
 1.10687E+03	 8.78800E+02
 1.10949E+03	 8.78100E+02
 1.11211E+03	 8.78800E+02
 1.11473E+03	 8.78700E+02
 1.11735E+03	 8.78700E+02
 1.11997E+03	 8.78700E+02
 1.12259E+03	 8.78600E+02
 1.12520E+03	 8.77800E+02
 1.12782E+03	 8.78100E+02
 1.13044E+03	 8.78700E+02
 1.13305E+03	 8.78700E+02
 1.13566E+03	 8.78500E+02
 1.13828E+03	 8.78400E+02
 1.14089E+03	 8.78700E+02
 1.14350E+03	 8.78800E+02
 1.14611E+03	 8.78900E+02
 1.14872E+03	 8.78400E+02
 1.15133E+03	 8.78400E+02
 1.15394E+03	 8.78900E+02
 1.15654E+03	 8.78100E+02
 1.15915E+03	 8.78600E+02
 1.16176E+03	 8.78900E+02
 1.16436E+03	 8.78800E+02
 1.16696E+03	 8.78400E+02
 1.16957E+03	 8.78400E+02
 1.17217E+03	 8.78500E+02
 1.17477E+03	 8.78300E+02
 1.17737E+03	 8.78700E+02
 1.17997E+03	 8.78900E+02
 1.18257E+03	 8.78300E+02
 1.18517E+03	 8.78300E+02
 1.18777E+03	 8.78600E+02
 1.19036E+03	 8.79100E+02
 1.19296E+03	 8.78500E+02
 1.19555E+03	 8.78200E+02
 1.19815E+03	 8.79000E+02
 1.20074E+03	 8.78900E+02
 1.20333E+03	 8.78200E+02
 1.20593E+03	 8.78500E+02
 1.20852E+03	 8.78700E+02
 1.21111E+03	 8.78800E+02
 1.21370E+03	 8.78700E+02
 1.21628E+03	 8.78400E+02
 1.21887E+03	 8.78700E+02
 1.22146E+03	 8.79000E+02
 1.22404E+03	 8.78200E+02
 1.22663E+03	 8.78400E+02
 1.22921E+03	 8.78300E+02
 1.23180E+03	 8.79100E+02
 1.23438E+03	 8.78200E+02
 1.23696E+03	 8.78900E+02
 1.23954E+03	 8.78900E+02
 1.24212E+03	 8.78500E+02
 1.24470E+03	 8.78200E+02
 1.24728E+03	 8.78600E+02
 1.24986E+03	 8.78800E+02
 1.25244E+03	 8.78500E+02
 1.25501E+03	 8.78300E+02
 1.25759E+03	 8.78600E+02
 1.26016E+03	 8.78700E+02
 1.26274E+03	 8.78800E+02
 1.26531E+03	 8.78700E+02
 1.26788E+03	 8.79200E+02
 1.27045E+03	 8.78700E+02
 1.27302E+03	 8.78900E+02
 1.27559E+03	 8.78700E+02
 1.27816E+03	 8.79500E+02
 1.28073E+03	 8.78600E+02
 1.28330E+03	 8.78600E+02
 1.28586E+03	 8.78900E+02
 1.28843E+03	 8.79400E+02
 1.29099E+03	 8.78900E+02
 1.29356E+03	 8.79100E+02
 1.29612E+03	 8.78600E+02
 1.29868E+03	 8.78700E+02
 1.30125E+03	 8.79000E+02
 1.30381E+03	 8.78600E+02
 1.30637E+03	 8.78900E+02
 1.30893E+03	 8.79100E+02
 1.31149E+03	 8.79100E+02
 1.31404E+03	 8.78400E+02
 1.31660E+03	 8.78900E+02
 1.31916E+03	 8.78700E+02
 1.32171E+03	 8.78500E+02
 1.32427E+03	 8.78800E+02
 1.32682E+03	 8.78700E+02
 1.32937E+03	 8.79700E+02
 1.33193E+03	 8.78600E+02
 1.33448E+03	 8.78800E+02
 1.33703E+03	 8.79500E+02
 1.33958E+03	 8.79000E+02
 1.34213E+03	 8.78500E+02
 1.34467E+03	 8.79100E+02
 1.34722E+03	 8.78500E+02
 1.34977E+03	 8.79200E+02
 1.35231E+03	 8.78700E+02
 1.35486E+03	 8.78500E+02
 1.35740E+03	 8.79200E+02
 1.35995E+03	 8.79200E+02
 1.36249E+03	 8.78900E+02
 1.36503E+03	 8.79000E+02
 1.36757E+03	 8.78900E+02
 1.37011E+03	 8.78800E+02
 1.37265E+03	 8.79300E+02
 1.37519E+03	 8.80000E+02
 1.37773E+03	 8.79200E+02
 1.38027E+03	 8.79000E+02
 1.38280E+03	 8.79800E+02
 1.38534E+03	 8.79100E+02
 1.38787E+03	 8.79100E+02
 1.39041E+03	 8.78100E+02
 1.39294E+03	 8.78800E+02
 1.39547E+03	 8.78800E+02
 1.39800E+03	 8.79900E+02
 1.40053E+03	 8.79100E+02
 1.40306E+03	 8.79300E+02
 1.40559E+03	 8.79100E+02
 1.40812E+03	 8.79200E+02
 1.41065E+03	 8.79200E+02
 1.41318E+03	 8.78800E+02
 1.41570E+03	 8.79100E+02
 1.41823E+03	 8.78700E+02
 1.42075E+03	 8.79000E+02
 1.42327E+03	 8.79100E+02
 1.42580E+03	 8.79400E+02
 1.42832E+03	 8.79100E+02
 1.43084E+03	 8.79200E+02
 1.43336E+03	 8.78700E+02
 1.43588E+03	 8.79300E+02
 1.43840E+03	 8.79000E+02
 1.44092E+03	 8.79400E+02
 1.44344E+03	 8.79100E+02
 1.44595E+03	 8.79400E+02
 1.44847E+03	 8.79100E+02
 1.45098E+03	 8.79500E+02
 1.45350E+03	 8.79700E+02
 1.45601E+03	 8.79700E+02
 1.45852E+03	 8.79900E+02
 1.46104E+03	 8.80000E+02
 1.46355E+03	 8.80300E+02
 1.46606E+03	 8.79800E+02
 1.46857E+03	 8.80000E+02
 1.47108E+03	 8.79800E+02
 1.47358E+03	 8.79600E+02
 1.47609E+03	 8.80100E+02
 1.47860E+03	 8.80400E+02
 1.48110E+03	 8.79600E+02
 1.48361E+03	 8.80200E+02
 1.48611E+03	 8.80600E+02
 1.48862E+03	 8.81300E+02
 1.49112E+03	 8.81200E+02
 1.49362E+03	 8.81000E+02
 1.49612E+03	 8.81100E+02
 1.49862E+03	 8.81900E+02
 1.50112E+03	 8.81800E+02
 1.50362E+03	 8.81000E+02
 1.50612E+03	 8.81500E+02
 1.50862E+03	 8.81700E+02
 1.51111E+03	 8.82400E+02
 1.51361E+03	 8.81200E+02
 1.51610E+03	 8.81500E+02
 1.51860E+03	 8.81800E+02
 1.52109E+03	 8.82200E+02
 1.52358E+03	 8.82500E+02
 1.52607E+03	 8.82800E+02
 1.52857E+03	 8.83000E+02
 1.53106E+03	 8.83500E+02
 1.53355E+03	 8.83800E+02
 1.53603E+03	 8.84300E+02
 1.53852E+03	 8.84700E+02
 1.54101E+03	 8.86200E+02
 1.54350E+03	 8.86600E+02
 1.54598E+03	 8.88100E+02
 1.54847E+03	 8.89000E+02
 1.55095E+03	 8.91400E+02
 1.55343E+03	 8.93800E+02
 1.55592E+03	 8.96400E+02
 1.55840E+03	 8.99800E+02
 1.56088E+03	 9.04300E+02
 1.56336E+03	 9.11800E+02
 1.56584E+03	 9.24100E+02
 1.56832E+03	 9.41300E+02
 1.57080E+03	 9.66600E+02
 1.57327E+03	 1.00820E+03
 1.57575E+03	 1.04980E+03
 1.57823E+03	 1.07820E+03
 1.58070E+03	 1.07680E+03
 1.58317E+03	 1.04610E+03
 1.58565E+03	 1.00250E+03
 1.58812E+03	 9.66700E+02
 1.59059E+03	 9.41300E+02
 1.59306E+03	 9.22600E+02
 1.59553E+03	 9.12300E+02
 1.59800E+03	 9.04600E+02
 1.60047E+03	 8.99500E+02
 1.60294E+03	 8.94900E+02
 1.60541E+03	 8.91400E+02
 1.60787E+03	 8.89900E+02
 1.61034E+03	 8.88400E+02
 1.61281E+03	 8.87300E+02
 1.61527E+03	 8.85900E+02
 1.61773E+03	 8.85300E+02
 1.62020E+03	 8.84000E+02
 1.62266E+03	 8.83300E+02
 1.62512E+03	 8.83300E+02
 1.62758E+03	 8.82400E+02
 1.63004E+03	 8.81600E+02
 1.63250E+03	 8.82200E+02
 1.63496E+03	 8.81900E+02
 1.63741E+03	 8.80900E+02
 1.63987E+03	 8.81300E+02
 1.64233E+03	 8.80800E+02
 1.64478E+03	 8.81400E+02
 1.64724E+03	 8.80500E+02
 1.64969E+03	 8.80700E+02
 1.65214E+03	 8.80300E+02
 1.65460E+03	 8.80900E+02
 1.65705E+03	 8.80600E+02
 1.65950E+03	 8.80500E+02
 1.66195E+03	 8.80100E+02
 1.66440E+03	 8.80800E+02
 1.66684E+03	 8.80400E+02
 1.66929E+03	 8.79600E+02
 1.67174E+03	 8.80500E+02
 1.67419E+03	 8.79900E+02
 1.67663E+03	 8.80500E+02
 1.67908E+03	 8.79900E+02
 1.68152E+03	 8.79400E+02
 1.68396E+03	 8.79800E+02
 1.68641E+03	 8.80700E+02
 1.68885E+03	 8.79300E+02
 1.69129E+03	 8.79700E+02
 1.69373E+03	 8.79000E+02
 1.69617E+03	 8.79300E+02
 1.69861E+03	 8.80200E+02
 1.70104E+03	 8.79900E+02
 1.70348E+03	 8.79800E+02
 1.70592E+03	 8.80500E+02
 1.70835E+03	 8.80400E+02
 1.71079E+03	 8.79900E+02
 1.71322E+03	 8.79700E+02
 1.71566E+03	 8.80100E+02
 1.71809E+03	 8.79400E+02
 1.72052E+03	 8.79600E+02
 1.72295E+03	 8.79700E+02
 1.72538E+03	 8.79900E+02
 1.72781E+03	 8.79600E+02
 1.73024E+03	 8.79500E+02
 1.73267E+03	 8.80100E+02
 1.73510E+03	 8.80900E+02
 1.73752E+03	 8.80000E+02
 1.73995E+03	 8.79700E+02
 1.74237E+03	 8.80400E+02
 1.74480E+03	 8.80500E+02
 1.74722E+03	 8.80200E+02
 1.74965E+03	 8.80400E+02
 1.75207E+03	 8.80800E+02
 1.75449E+03	 8.79800E+02
 1.75691E+03	 8.80500E+02
 1.75933E+03	 8.79700E+02
 1.76175E+03	 8.79300E+02
 1.76417E+03	 8.79300E+02
 1.76659E+03	 8.78700E+02
 1.76900E+03	 8.79600E+02
 1.77142E+03	 8.79700E+02
 1.77384E+03	 8.79300E+02
 1.77625E+03	 8.79600E+02
 1.77866E+03	 8.79900E+02
 1.78108E+03	 8.79400E+02
 1.78349E+03	 8.80000E+02
 1.78590E+03	 8.79400E+02
 1.78831E+03	 8.79500E+02
 1.79072E+03	 8.79600E+02
 1.79313E+03	 8.79200E+02
 1.79554E+03	 8.79100E+02
 1.79795E+03	 8.79800E+02
 1.80036E+03	 8.79400E+02
 1.80277E+03	 8.79700E+02
 1.80517E+03	 8.79500E+02
 1.80758E+03	 8.79500E+02
 1.80998E+03	 8.79500E+02
 1.81239E+03	 8.78900E+02
 1.81479E+03	 8.79500E+02
 1.81719E+03	 8.79500E+02
 1.81959E+03	 8.79100E+02
 1.82199E+03	 8.79400E+02
 1.82439E+03	 8.80200E+02
 1.82679E+03	 8.78900E+02
 1.82919E+03	 8.79700E+02
 1.83159E+03	 8.79400E+02
 1.83399E+03	 8.79200E+02
 1.83638E+03	 8.79400E+02
 1.83878E+03	 8.79600E+02
 1.84117E+03	 8.81600E+02
 1.84357E+03	 8.79900E+02
 1.84596E+03	 8.79800E+02
 1.84836E+03	 8.80000E+02
 1.85075E+03	 8.79300E+02
 1.85314E+03	 8.79000E+02
 1.85553E+03	 8.79400E+02
 1.85792E+03	 8.79200E+02
 1.86031E+03	 8.79300E+02
 1.86270E+03	 8.78600E+02
 1.86509E+03	 8.79300E+02
 1.86747E+03	 8.79100E+02
 1.86986E+03	 8.79300E+02
 1.87224E+03	 8.79100E+02
 1.87463E+03	 8.79200E+02
 1.87701E+03	 8.78900E+02
 1.87940E+03	 8.79300E+02
 1.88178E+03	 8.79100E+02
 1.88416E+03	 8.79300E+02
 1.88654E+03	 8.79400E+02
 1.88892E+03	 8.79700E+02
 1.89130E+03	 8.79300E+02
 1.89368E+03	 8.79100E+02
 1.89606E+03	 8.79200E+02
 1.89844E+03	 8.79200E+02
 1.90082E+03	 8.79300E+02
 1.90319E+03	 8.78200E+02
 1.90557E+03	 8.79400E+02
 1.90794E+03	 8.79600E+02
 1.91032E+03	 8.79300E+02
 1.91269E+03	 8.79500E+02
 1.91506E+03	 8.79100E+02
 1.91743E+03	 8.78900E+02
 1.91981E+03	 8.79500E+02
 1.92218E+03	 8.79300E+02
 1.92455E+03	 8.79300E+02
 1.92691E+03	 8.79200E+02
 1.92928E+03	 8.79300E+02
 1.93165E+03	 8.79700E+02
 1.93402E+03	 8.79600E+02
 1.93638E+03	 8.79500E+02
 1.93875E+03	 8.80000E+02
 1.94111E+03	 8.79600E+02
 1.94348E+03	 8.78800E+02
 1.94584E+03	 8.79800E+02
 1.94820E+03	 8.79400E+02
 1.95057E+03	 8.79900E+02
 1.95293E+03	 8.79500E+02
 1.95529E+03	 8.79500E+02
 1.95765E+03	 8.79600E+02
 1.96001E+03	 8.79900E+02
 1.96236E+03	 8.79600E+02
 1.96472E+03	 8.79000E+02
 1.96708E+03	 8.79600E+02
 1.96944E+03	 8.79600E+02
 1.97179E+03	 8.80100E+02
 1.97415E+03	 8.79600E+02
 1.97650E+03	 8.79600E+02
 1.97885E+03	 8.79800E+02
 1.98121E+03	 8.79300E+02
 1.98356E+03	 8.79300E+02
 1.98591E+03	 8.79000E+02
 1.98826E+03	 8.79700E+02
 1.99061E+03	 8.78600E+02
 1.99296E+03	 8.79200E+02
 1.99531E+03	 8.79000E+02
 1.99765E+03	 8.79800E+02
 2.00000E+03	 8.79600E+02
 2.00235E+03	 8.79300E+02
 2.00469E+03	 8.79500E+02
 2.00704E+03	 8.79400E+02
 2.00938E+03	 8.79700E+02
 2.01172E+03	 8.79700E+02
 2.01407E+03	 8.78800E+02
 2.01641E+03	 8.79300E+02
 2.01875E+03	 8.79700E+02
 2.02109E+03	 8.79800E+02
 2.02343E+03	 8.79500E+02
 2.02577E+03	 8.79600E+02
 2.02811E+03	 8.79200E+02
 2.03045E+03	 8.79400E+02
 2.03278E+03	 8.79600E+02
 2.03512E+03	 8.78800E+02
 2.03746E+03	 8.79500E+02
 2.03979E+03	 8.79500E+02
 2.04212E+03	 8.79300E+02
 2.04446E+03	 8.79500E+02
 2.04679E+03	 8.79400E+02
 2.04912E+03	 8.79500E+02
 2.05145E+03	 8.79600E+02
 2.05378E+03	 8.78800E+02
 2.05611E+03	 8.78800E+02
 2.05844E+03	 8.78600E+02
 2.06077E+03	 8.79400E+02
 2.06310E+03	 8.79000E+02
 2.06543E+03	 8.79000E+02
 2.06775E+03	 8.78900E+02
 2.07008E+03	 8.79500E+02
 2.07241E+03	 8.79300E+02
 2.07473E+03	 8.79500E+02
 2.07705E+03	 8.79900E+02
 2.07938E+03	 8.79000E+02
 2.08170E+03	 8.79000E+02
 2.08402E+03	 8.79500E+02
 2.08634E+03	 8.79100E+02
 2.08866E+03	 8.79000E+02
 2.09098E+03	 8.79200E+02
 2.09330E+03	 8.79200E+02
 2.09562E+03	 8.79300E+02
 2.09794E+03	 8.79100E+02
 2.10025E+03	 8.78500E+02
 2.10257E+03	 8.79300E+02
 2.10488E+03	 8.79800E+02
 2.10720E+03	 8.78600E+02
 2.10951E+03	 8.78900E+02
 2.11182E+03	 8.79400E+02
 2.11414E+03	 8.79800E+02
 2.11645E+03	 8.79500E+02
 2.11876E+03	 8.79100E+02
 2.12107E+03	 8.79300E+02
 2.12338E+03	 8.79400E+02
 2.12569E+03	 8.79800E+02
 2.12800E+03	 8.79400E+02
 2.13031E+03	 8.79500E+02
 2.13261E+03	 8.79200E+02
 2.13492E+03	 8.79000E+02
 2.13722E+03	 8.79200E+02
 2.13953E+03	 8.80100E+02
 2.14183E+03	 8.79500E+02
 2.14414E+03	 8.79400E+02
 2.14644E+03	 8.78900E+02
 2.14874E+03	 8.78900E+02
 2.15104E+03	 8.78800E+02
 2.15334E+03	 8.78800E+02
 2.15564E+03	 8.79200E+02
 2.15794E+03	 8.79100E+02
 2.16024E+03	 8.79300E+02
 2.16254E+03	 8.79200E+02
 2.16484E+03	 8.79100E+02
 2.16713E+03	 8.78500E+02
 2.16943E+03	 8.79100E+02
 2.17173E+03	 8.79200E+02
 2.17402E+03	 8.79000E+02
 2.17631E+03	 8.79100E+02
 2.17861E+03	 8.79100E+02
 2.18090E+03	 8.79300E+02
 2.18319E+03	 8.79300E+02
 2.18548E+03	 8.78700E+02
 2.18777E+03	 8.79000E+02
 2.19006E+03	 8.79200E+02
 2.19235E+03	 8.79400E+02
 2.19464E+03	 8.79700E+02
 2.19693E+03	 8.79000E+02
 2.19922E+03	 8.79900E+02
 2.20150E+03	 8.79600E+02
 2.20379E+03	 8.78400E+02
 2.20607E+03	 8.78200E+02
 2.20836E+03	 8.79300E+02
 2.21064E+03	 8.79500E+02
 2.21292E+03	 8.79500E+02
 2.21521E+03	 8.79700E+02
 2.21749E+03	 8.78900E+02
 2.21977E+03	 8.79600E+02
 2.22205E+03	 8.79700E+02
 2.22433E+03	 8.79500E+02
 2.22661E+03	 8.79500E+02
 2.22889E+03	 8.79400E+02
 2.23116E+03	 8.78600E+02
 2.23344E+03	 8.79100E+02
 2.23572E+03	 8.78900E+02
 2.23799E+03	 8.78800E+02
 2.24027E+03	 8.79200E+02
 2.24254E+03	 8.79700E+02
 2.24481E+03	 8.78700E+02
 2.24709E+03	 8.78800E+02
 2.24936E+03	 8.78700E+02
 2.25163E+03	 8.79400E+02
 2.25390E+03	 8.78700E+02
 2.25617E+03	 8.78000E+02
 2.25844E+03	 8.78300E+02
 2.26071E+03	 8.79400E+02
 2.26298E+03	 8.79400E+02
 2.26524E+03	 8.78900E+02
 2.26751E+03	 8.79200E+02
 2.26978E+03	 8.79800E+02
 2.27204E+03	 8.79100E+02
 2.27431E+03	 8.78600E+02
 2.27657E+03	 8.79400E+02
 2.27883E+03	 8.79700E+02
 2.28110E+03	 8.78600E+02
 2.28336E+03	 8.78800E+02
 2.28562E+03	 8.79400E+02
 2.28788E+03	 8.79000E+02
 2.29014E+03	 8.79200E+02
 2.29240E+03	 8.79000E+02
 2.29466E+03	 8.78800E+02
 2.29692E+03	 8.79500E+02
 2.29917E+03	 8.78700E+02
 2.30143E+03	 8.79100E+02
 2.30369E+03	 8.79200E+02
 2.30594E+03	 8.79700E+02
 2.30820E+03	 8.79600E+02
 2.31045E+03	 8.78800E+02
 2.31270E+03	 8.79100E+02
 2.31496E+03	 8.79300E+02
 2.31721E+03	 8.78600E+02
 2.31946E+03	 8.79000E+02
 2.32171E+03	 8.79300E+02
 2.32396E+03	 8.79600E+02
 2.32621E+03	 8.79400E+02
 2.32846E+03	 8.79500E+02
 2.33070E+03	 8.79400E+02
 2.33295E+03	 8.79200E+02
 2.33520E+03	 8.78800E+02
 2.33744E+03	 8.79000E+02
 2.33969E+03	 8.79000E+02
 2.34193E+03	 8.78800E+02
 2.34418E+03	 8.79300E+02
 2.34642E+03	 8.79300E+02
 2.34866E+03	 8.78700E+02
 2.35090E+03	 8.78800E+02
 2.35315E+03	 8.79500E+02
 2.35539E+03	 8.79700E+02
 2.35763E+03	 8.78800E+02
 2.35987E+03	 8.78500E+02
 2.36210E+03	 8.79100E+02
 2.36434E+03	 8.79200E+02
 2.36658E+03	 8.79500E+02
 2.36882E+03	 8.78900E+02
 2.37105E+03	 8.79000E+02
 2.37329E+03	 8.79600E+02
 2.37552E+03	 8.79400E+02
 2.37776E+03	 8.79800E+02
 2.37999E+03	 8.79400E+02
 2.38222E+03	 8.79400E+02
 2.38445E+03	 8.79000E+02
 2.38668E+03	 8.79000E+02
 2.38892E+03	 8.79700E+02
 2.39115E+03	 8.79700E+02
 2.39337E+03	 8.79400E+02
 2.39560E+03	 8.79200E+02
 2.39783E+03	 8.79800E+02
 2.40006E+03	 8.78900E+02
 2.40228E+03	 8.78900E+02
 2.40451E+03	 8.79400E+02
 2.40674E+03	 8.79400E+02
 2.40896E+03	 8.79500E+02
 2.41118E+03	 8.79500E+02
 2.41341E+03	 8.79800E+02
 2.41563E+03	 8.79400E+02
 2.41785E+03	 8.79700E+02
 2.42007E+03	 8.80300E+02
 2.42229E+03	 8.80300E+02
 2.42452E+03	 8.80200E+02
 2.42673E+03	 8.80600E+02
 2.42895E+03	 8.81800E+02
 2.43117E+03	 8.82000E+02
 2.43339E+03	 8.82500E+02
 2.43561E+03	 8.83300E+02
 2.43782E+03	 8.84600E+02
 2.44004E+03	 8.84300E+02
 2.44225E+03	 8.84700E+02
 2.44447E+03	 8.83400E+02
 2.44668E+03	 8.83700E+02
 2.44889E+03	 8.83700E+02
 2.45110E+03	 8.83700E+02
 2.45332E+03	 8.83100E+02
 2.45553E+03	 8.83000E+02
 2.45774E+03	 8.83800E+02
 2.45995E+03	 8.82900E+02
 2.46216E+03	 8.82000E+02
 2.46436E+03	 8.83200E+02
 2.46657E+03	 8.82900E+02
 2.46878E+03	 8.82100E+02
 2.47099E+03	 8.81900E+02
 2.47319E+03	 8.82700E+02
 2.47540E+03	 8.81200E+02
 2.47760E+03	 8.81600E+02
 2.47980E+03	 8.81700E+02
 2.48201E+03	 8.80400E+02
 2.48421E+03	 8.81000E+02
 2.48641E+03	 8.80700E+02
 2.48861E+03	 8.80900E+02
 2.49081E+03	 8.80800E+02
 2.49301E+03	 8.80800E+02
 2.49521E+03	 8.80500E+02
 2.49741E+03	 8.80900E+02
 2.49961E+03	 8.80900E+02
 2.50181E+03	 8.80300E+02
 2.50400E+03	 8.80500E+02
 2.50620E+03	 8.79800E+02
 2.50839E+03	 8.80900E+02
 2.51059E+03	 8.79800E+02
 2.51278E+03	 8.80300E+02
 2.51498E+03	 8.80100E+02
 2.51717E+03	 8.80300E+02
 2.51936E+03	 8.80100E+02
 2.52155E+03	 8.80000E+02
 2.52374E+03	 8.80300E+02
 2.52593E+03	 8.79900E+02
 2.52812E+03	 8.80200E+02
 2.53031E+03	 8.80300E+02
 2.53250E+03	 8.80200E+02
 2.53469E+03	 8.80200E+02
 2.53687E+03	 8.80000E+02
 2.53906E+03	 8.80600E+02
 2.54125E+03	 8.80600E+02
 2.54343E+03	 8.80100E+02
 2.54562E+03	 8.79600E+02
 2.54780E+03	 8.80000E+02
 2.54998E+03	 8.80200E+02
 2.55217E+03	 8.80200E+02
 2.55435E+03	 8.79800E+02
 2.55653E+03	 8.80400E+02
 2.55871E+03	 8.80300E+02
 2.56089E+03	 8.80600E+02
 2.56307E+03	 8.79400E+02
 2.56525E+03	 8.81200E+02
 2.56742E+03	 8.80500E+02
 2.56960E+03	 8.80200E+02
 2.57178E+03	 8.80000E+02
 2.57395E+03	 8.80900E+02
 2.57613E+03	 8.80600E+02
 2.57830E+03	 8.80100E+02
 2.58048E+03	 8.81400E+02
 2.58265E+03	 8.80500E+02
 2.58483E+03	 8.81400E+02
 2.58700E+03	 8.80800E+02
 2.58917E+03	 8.81400E+02
 2.59134E+03	 8.81300E+02
 2.59351E+03	 8.81100E+02
 2.59568E+03	 8.81300E+02
 2.59785E+03	 8.81700E+02
 2.60002E+03	 8.81800E+02
 2.60219E+03	 8.81400E+02
 2.60435E+03	 8.81700E+02
 2.60652E+03	 8.81900E+02
 2.60868E+03	 8.82100E+02
 2.61085E+03	 8.81200E+02
 2.61301E+03	 8.82200E+02
 2.61518E+03	 8.83000E+02
 2.61734E+03	 8.82400E+02
 2.61950E+03	 8.82700E+02
 2.62167E+03	 8.83500E+02
 2.62383E+03	 8.83500E+02
 2.62599E+03	 8.83800E+02
 2.62815E+03	 8.84000E+02
 2.63031E+03	 8.84800E+02
 2.63247E+03	 8.85600E+02
 2.63463E+03	 8.85600E+02
 2.63678E+03	 8.86400E+02
 2.63894E+03	 8.87300E+02
 2.64110E+03	 8.87500E+02
 2.64325E+03	 8.88800E+02
 2.64541E+03	 8.89500E+02
 2.64756E+03	 8.90200E+02
 2.64972E+03	 8.90700E+02
 2.65187E+03	 8.92800E+02
 2.65402E+03	 8.94000E+02
 2.65617E+03	 8.96700E+02
 2.65833E+03	 8.97200E+02
 2.66048E+03	 8.99200E+02
 2.66263E+03	 9.00500E+02
 2.66478E+03	 9.01600E+02
 2.66693E+03	 9.03000E+02
 2.66907E+03	 9.03600E+02
 2.67122E+03	 9.07200E+02
 2.67337E+03	 9.07700E+02
 2.67551E+03	 9.06700E+02
 2.67766E+03	 9.06900E+02
 2.67981E+03	 9.06700E+02
 2.68195E+03	 9.07900E+02
 2.68409E+03	 9.07400E+02
 2.68624E+03	 9.07900E+02
 2.68838E+03	 9.09000E+02
 2.69052E+03	 9.09600E+02
 2.69266E+03	 9.09600E+02
 2.69480E+03	 9.12500E+02
 2.69694E+03	 9.14200E+02
 2.69908E+03	 9.15000E+02
 2.70122E+03	 9.20400E+02
 2.70336E+03	 9.23600E+02
 2.70550E+03	 9.28900E+02
 2.70763E+03	 9.34500E+02
 2.70977E+03	 9.38800E+02
 2.71191E+03	 9.45900E+02
 2.71404E+03	 9.50600E+02
 2.71618E+03	 9.52200E+02
 2.71831E+03	 9.51200E+02
 2.72044E+03	 9.45200E+02
 2.72258E+03	 9.38700E+02
 2.72471E+03	 9.33500E+02
 2.72684E+03	 9.28500E+02
 2.72897E+03	 9.25300E+02
 2.73110E+03	 9.20300E+02
 2.73323E+03	 9.16100E+02
 2.73536E+03	 9.11700E+02
 2.73749E+03	 9.07900E+02
 2.73962E+03	 9.06500E+02
 2.74174E+03	 9.04100E+02
 2.74387E+03	 9.01500E+02
 2.74599E+03	 8.98700E+02
 2.74812E+03	 8.96400E+02
 2.75024E+03	 8.93700E+02
 2.75237E+03	 8.92000E+02
 2.75449E+03	 8.90000E+02
 2.75661E+03	 8.88500E+02
 2.75874E+03	 8.87100E+02
 2.76086E+03	 8.86300E+02
 2.76298E+03	 8.85600E+02
 2.76510E+03	 8.85100E+02
 2.76722E+03	 8.84200E+02
 2.76934E+03	 8.83400E+02
 2.77146E+03	 8.83800E+02
 2.77357E+03	 8.83200E+02
 2.77569E+03	 8.83500E+02
 2.77781E+03	 8.82900E+02
 2.77992E+03	 8.82300E+02
 2.78204E+03	 8.82400E+02
 2.78415E+03	 8.82300E+02
 2.78627E+03	 8.81700E+02
 2.78838E+03	 8.81600E+02
 2.79049E+03	 8.80800E+02
 2.79261E+03	 8.80800E+02
 2.79472E+03	 8.81200E+02
 2.79683E+03	 8.81400E+02
 2.79894E+03	 8.80600E+02
 2.80105E+03	 8.80900E+02
 2.80316E+03	 8.80800E+02
 2.80527E+03	 8.81100E+02
 2.80738E+03	 8.80100E+02
 2.80948E+03	 8.80300E+02
 2.81159E+03	 8.79700E+02
 2.81370E+03	 8.80200E+02
 2.81580E+03	 8.80000E+02
 2.81791E+03	 8.80400E+02
 2.82001E+03	 8.80300E+02
 2.82211E+03	 8.79900E+02
 2.82422E+03	 8.79900E+02
 2.82632E+03	 8.79300E+02
 2.82842E+03	 8.79800E+02
 2.83052E+03	 8.79800E+02
 2.83262E+03	 8.79500E+02
 2.83472E+03	 8.79500E+02
 2.83682E+03	 8.79600E+02
 2.83892E+03	 8.80100E+02
 2.84102E+03	 8.79600E+02
 2.84312E+03	 8.79700E+02
 2.84522E+03	 8.79300E+02
 2.84731E+03	 8.79200E+02
 2.84941E+03	 8.79700E+02
 2.85150E+03	 8.79700E+02
 2.85360E+03	 8.80200E+02
 2.85569E+03	 8.79000E+02
 2.85779E+03	 8.79500E+02
 2.85988E+03	 8.79800E+02
 2.86197E+03	 8.79500E+02
 2.86406E+03	 8.79200E+02
 2.86615E+03	 8.79800E+02
 2.86824E+03	 8.79500E+02
 2.87033E+03	 8.79000E+02
 2.87242E+03	 8.79400E+02
 2.87451E+03	 8.79400E+02
 2.87660E+03	 8.79300E+02
 2.87869E+03	 8.79100E+02
 2.88077E+03	 8.79500E+02
 2.88286E+03	 8.78900E+02
 2.88495E+03	 8.78700E+02
 2.88703E+03	 8.78800E+02
 2.88911E+03	 8.79200E+02
 2.89120E+03	 8.79100E+02
 2.89328E+03	 8.79700E+02
 2.89536E+03	 8.78900E+02
 2.89745E+03	 8.79100E+02
 2.89953E+03	 8.79200E+02
 2.90161E+03	 8.79100E+02
 2.90369E+03	 8.79300E+02
 2.90577E+03	 8.78900E+02
 2.90785E+03	 8.78300E+02
 2.90993E+03	 8.78800E+02
 2.91200E+03	 8.78800E+02
 2.91408E+03	 8.78500E+02
 2.91616E+03	 8.78600E+02
 2.91823E+03	 8.78400E+02
 2.92031E+03	 8.78900E+02
 2.92238E+03	 8.78900E+02
 2.92446E+03	 8.78300E+02
 2.92653E+03	 8.79100E+02
 2.92860E+03	 8.78500E+02
 2.93068E+03	 8.78400E+02
 2.93275E+03	 8.78500E+02
 2.93482E+03	 8.78700E+02
 2.93689E+03	 8.78900E+02
 2.93896E+03	 8.78700E+02
 2.94103E+03	 8.78400E+02
 2.94310E+03	 8.78500E+02
 2.94517E+03	 8.78900E+02
 2.94723E+03	 8.78200E+02
 2.94930E+03	 8.78200E+02
 2.95137E+03	 8.78500E+02
 2.95343E+03	 8.78300E+02
 2.95550E+03	 8.78900E+02
 2.95756E+03	 8.78200E+02
 2.95963E+03	 8.78900E+02
 2.96169E+03	 8.78700E+02
 2.96375E+03	 8.79500E+02
 2.96582E+03	 8.78500E+02
 2.96788E+03	 8.78100E+02
 2.96994E+03	 8.78000E+02
 2.97200E+03	 8.79600E+02
 2.97406E+03	 8.78300E+02
 2.97612E+03	 8.79200E+02
 2.97818E+03	 8.78600E+02
 2.98024E+03	 8.78800E+02
 2.98229E+03	 8.79300E+02
 2.98435E+03	 8.79000E+02
 2.98641E+03	 8.78500E+02
 2.98846E+03	 8.78100E+02
 2.99052E+03	 8.78000E+02
 2.99257E+03	 8.78400E+02
 2.99463E+03	 8.78300E+02
 2.99668E+03	 8.78600E+02
 2.99873E+03	 8.78300E+02
 3.00079E+03	 8.78500E+02
 3.00284E+03	 8.78900E+02
 3.00489E+03	 8.78900E+02
 3.00694E+03	 8.78600E+02
 3.00899E+03	 8.78300E+02
 3.01104E+03	 8.78400E+02
 3.01309E+03	 8.78800E+02
 3.01514E+03	 8.78700E+02
 3.01718E+03	 8.78900E+02
 3.01923E+03	 8.78500E+02
 3.02128E+03	 8.78400E+02
 3.02332E+03	 8.78900E+02
 3.02537E+03	 8.78400E+02
 3.02741E+03	 8.78500E+02
 3.02946E+03	 8.78500E+02
 3.03150E+03	 8.78600E+02
 3.03354E+03	 8.78400E+02
 3.03558E+03	 8.78400E+02
 3.03763E+03	 8.78900E+02
 3.03967E+03	 8.78000E+02
 3.04171E+03	 8.78400E+02
 3.04375E+03	 8.78100E+02
 3.04579E+03	 8.78400E+02
 3.04783E+03	 8.78100E+02
 3.04986E+03	 8.78000E+02
 3.05190E+03	 8.78400E+02
 3.05394E+03	 8.78100E+02
 3.05598E+03	 8.78100E+02
 3.05801E+03	 8.78600E+02
 3.06005E+03	 8.78300E+02
 3.06208E+03	 8.78700E+02
 3.06412E+03	 8.78800E+02
 3.06615E+03	 8.78300E+02
 3.06818E+03	 8.78700E+02
 3.07021E+03	 8.78500E+02
 3.07225E+03	 8.78100E+02
 3.07428E+03	 8.78100E+02
 3.07631E+03	 8.78500E+02
 3.07834E+03	 8.78600E+02
 3.08037E+03	 8.78000E+02
 3.08240E+03	 8.78100E+02
 3.08442E+03	 8.77500E+02
 3.08645E+03	 8.78100E+02
 3.08848E+03	 8.78000E+02
 3.09051E+03	 8.78300E+02
 3.09253E+03	 8.78800E+02
 3.09456E+03	 8.78500E+02
 3.09658E+03	 8.77900E+02
 3.09861E+03	 8.77800E+02
 3.10063E+03	 8.78100E+02
 3.10265E+03	 8.78100E+02
 3.10468E+03	 8.78100E+02
 3.10670E+03	 8.77900E+02
 3.10872E+03	 8.78500E+02
 3.11074E+03	 8.78300E+02
 3.11276E+03	 8.78300E+02
 3.11478E+03	 8.78500E+02
 3.11680E+03	 8.78900E+02
 3.11882E+03	 8.77800E+02
 3.12084E+03	 8.78400E+02
 3.12285E+03	 8.78600E+02
 3.12487E+03	 8.78300E+02
 3.12689E+03	 8.78300E+02
 3.12890E+03	 8.78200E+02
 3.13092E+03	 8.78600E+02
 3.13293E+03	 8.78500E+02
 3.13495E+03	 8.78100E+02
 3.13696E+03	 8.78400E+02
 3.13897E+03	 8.78000E+02
 3.14098E+03	 8.78100E+02
 3.14300E+03	 8.77900E+02
 3.14501E+03	 8.78100E+02
 3.14702E+03	 8.78400E+02
 3.14903E+03	 8.78100E+02
 3.15104E+03	 8.77300E+02
 3.15305E+03	 8.78400E+02
 3.15505E+03	 8.78600E+02
 3.15706E+03	 8.78900E+02
 3.15907E+03	 8.78300E+02
 3.16107E+03	 8.77800E+02
 3.16308E+03	 8.77800E+02
 3.16509E+03	 8.78100E+02
 3.16709E+03	 8.78300E+02
 3.16910E+03	 8.78700E+02
 3.17110E+03	 8.78500E+02
 3.17310E+03	 8.78500E+02
 3.17510E+03	 8.78700E+02
 3.17711E+03	 8.78300E+02
 3.17911E+03	 8.78600E+02
 3.18111E+03	 8.77900E+02
 3.18311E+03	 8.78400E+02
 3.18511E+03	 8.78100E+02
 3.18711E+03	 8.78300E+02
 3.18911E+03	 8.78100E+02
 3.19110E+03	 8.77600E+02
 3.19310E+03	 8.77700E+02
 3.19510E+03	 8.78000E+02
 3.19709E+03	 8.77100E+02
 3.19909E+03	 8.78000E+02
 3.20109E+03	 8.77900E+02
 3.20308E+03	 8.78300E+02
 3.20507E+03	 8.78000E+02
 3.20707E+03	 8.78200E+02
 3.20906E+03	 8.78200E+02
 3.21105E+03	 8.78700E+02
 3.21304E+03	 8.78200E+02
 3.21504E+03	 8.78600E+02
 3.21703E+03	 8.78600E+02
 3.21902E+03	 8.77200E+02
 3.22101E+03	 8.78400E+02
 3.22299E+03	 8.79200E+02
 3.22498E+03	 8.79200E+02
 3.22697E+03	 8.78800E+02
 3.22896E+03	 8.79000E+02
 3.23094E+03	 8.79000E+02
 3.23293E+03	 8.80200E+02
 3.23492E+03	 8.80000E+02
 3.23690E+03	 8.80700E+02
 3.23889E+03	 8.82100E+02
 3.24087E+03	 8.83900E+02
 3.24285E+03	 8.84500E+02
 3.24484E+03	 8.85200E+02
 3.24682E+03	 8.85200E+02
 3.24880E+03	 8.83300E+02
 3.25078E+03	 8.81600E+02
 3.25276E+03	 8.79200E+02
 3.25474E+03	 8.79300E+02
 3.25672E+03	 8.78200E+02
 3.25870E+03	 8.78400E+02
 3.26068E+03	 8.77900E+02
 3.26266E+03	 8.78200E+02
 3.26463E+03	 8.77500E+02
 3.26661E+03	 8.78800E+02
 3.26859E+03	 8.78100E+02
 3.27056E+03	 8.77800E+02
 3.27254E+03	 8.78100E+02
 3.27451E+03	 8.77200E+02
 3.27648E+03	 8.77900E+02
 3.27846E+03	 8.77600E+02
 3.28043E+03	 8.77200E+02
 3.28240E+03	 8.77500E+02
 3.28437E+03	 8.77600E+02
 3.28634E+03	 8.77900E+02
 3.28831E+03	 8.77700E+02
 3.29028E+03	 8.77300E+02
 3.29225E+03	 8.78200E+02
 3.29422E+03	 8.77900E+02
 3.29619E+03	 8.77500E+02
 3.29816E+03	 8.77700E+02
 3.30013E+03	 8.77300E+02
 3.30209E+03	 8.77600E+02
 3.30406E+03	 8.78000E+02
 3.30602E+03	 8.78000E+02
 3.30799E+03	 8.77600E+02
 3.30995E+03	 8.78200E+02
 3.31192E+03	 8.77100E+02
 3.31388E+03	 8.77800E+02
 3.31584E+03	 8.77200E+02
 3.31780E+03	 8.77300E+02
 3.31977E+03	 8.77900E+02
 3.32173E+03	 8.77500E+02
 3.32369E+03	 8.78500E+02
 3.32565E+03	 8.77700E+02
 3.32761E+03	 8.77300E+02
 3.32957E+03	 8.77500E+02
 3.33152E+03	 8.77600E+02
 3.33348E+03	 8.77100E+02
 3.33544E+03	 8.77800E+02
 3.33740E+03	 8.77300E+02
 3.33935E+03	 8.78000E+02
 3.34131E+03	 8.77700E+02
 3.34326E+03	 8.77800E+02
 3.34522E+03	 8.77300E+02
 3.34717E+03	 8.77500E+02
 3.34912E+03	 8.77900E+02
 3.35108E+03	 8.77600E+02
 3.35303E+03	 8.77500E+02
 3.35498E+03	 8.77300E+02
 3.35693E+03	 8.78200E+02
 3.35888E+03	 8.78300E+02
 3.36083E+03	 8.78300E+02
 3.36278E+03	 8.78100E+02
 3.36473E+03	 8.78400E+02
 3.36668E+03	 8.77600E+02
 3.36863E+03	 8.77500E+02
 3.37057E+03	 8.77200E+02
 3.37252E+03	 8.78200E+02
 3.37447E+03	 8.77900E+02
 3.37641E+03	 8.78400E+02
 3.37836E+03	 8.77700E+02
 3.38030E+03	 8.77800E+02
 3.38225E+03	 8.78100E+02
 3.38419E+03	 8.77200E+02
 3.38613E+03	 8.77200E+02
 3.38807E+03	 8.77500E+02
 3.39002E+03	 8.77700E+02
 3.39196E+03	 8.77800E+02
 3.39390E+03	 8.78700E+02
 3.39584E+03	 8.77700E+02
 3.39778E+03	 8.77800E+02
 3.39972E+03	 8.77800E+02
 3.40166E+03	 8.77500E+02
 3.40359E+03	 8.77400E+02
 3.40553E+03	 8.77100E+02
 3.40747E+03	 8.77200E+02
 3.40940E+03	 8.78100E+02
 3.41134E+03	 8.77600E+02
 3.41328E+03	 8.76900E+02
 3.41521E+03	 8.77500E+02
 3.41714E+03	 8.77900E+02
 3.41908E+03	 8.77500E+02
 3.42101E+03	 8.77500E+02
 3.42294E+03	 8.77400E+02
 3.42488E+03	 8.78000E+02
 3.42681E+03	 8.77300E+02
 3.42874E+03	 8.77200E+02
 3.43067E+03	 8.77900E+02
 3.43260E+03	 8.77800E+02
 3.43453E+03	 8.78000E+02
 3.43646E+03	 8.78000E+02
 3.43839E+03	 8.78000E+02
 3.44031E+03	 8.77600E+02
 3.44224E+03	 8.77600E+02
 3.44417E+03	 8.77200E+02
 3.44609E+03	 8.77800E+02
 3.44802E+03	 8.78000E+02
 3.44994E+03	 8.77500E+02
 3.45187E+03	 8.77800E+02
 3.45379E+03	 8.77800E+02
 3.45572E+03	 8.78000E+02
 3.45764E+03	 8.77300E+02
 3.45956E+03	 8.77600E+02
 3.46148E+03	 8.78300E+02
 3.46340E+03	 8.77500E+02
 3.46532E+03	 8.77900E+02
 3.46724E+03	 8.77600E+02
 3.46916E+03	 8.77900E+02
 3.47108E+03	 8.78000E+02
 3.47300E+03	 8.77200E+02
 3.47492E+03	 8.77400E+02
 3.47684E+03	 8.78000E+02
 3.47875E+03	 8.78600E+02
 3.48067E+03	 8.77500E+02
 3.48259E+03	 8.77700E+02
 3.48450E+03	 8.77800E+02
 3.48642E+03	 8.77300E+02
 3.48833E+03	 8.77500E+02
 3.49024E+03	 8.77800E+02
 3.49216E+03	 8.77600E+02
 3.49407E+03	 8.77900E+02
 3.49598E+03	 8.76800E+02
 3.49789E+03	 8.77500E+02
 3.49981E+03	 8.77500E+02
 3.50172E+03	 8.77600E+02
 3.50363E+03	 8.78100E+02
 3.50554E+03	 8.78300E+02
 3.50744E+03	 8.77200E+02
 3.50935E+03	 8.77100E+02
 3.51126E+03	 8.77400E+02
 3.51317E+03	 8.78000E+02
 3.51507E+03	 8.77300E+02
 3.51698E+03	 8.77500E+02
 3.51889E+03	 8.77800E+02
 3.52079E+03	 8.77500E+02
 3.52270E+03	 8.77600E+02
 3.52460E+03	 8.77600E+02
 3.52650E+03	 8.76900E+02
 3.52841E+03	 8.77500E+02
 3.53031E+03	 8.77300E+02
 3.53221E+03	 8.76700E+02
 3.53411E+03	 8.76600E+02
 3.53601E+03	 8.77400E+02
 3.53792E+03	 8.76900E+02
 3.53982E+03	 8.78000E+02
 3.54171E+03	 8.77500E+02
 3.54361E+03	 8.77300E+02
 3.54551E+03	 8.77100E+02
 3.54741E+03	 8.77400E+02
 3.54931E+03	 8.77700E+02
 3.55120E+03	 8.77200E+02
 3.55310E+03	 8.77200E+02
 3.55500E+03	 8.77900E+02
 3.55689E+03	 8.78100E+02
 3.55879E+03	 8.78000E+02
 3.56068E+03	 8.77400E+02
 3.56257E+03	 8.77700E+02
 3.56447E+03	 8.77100E+02
 3.56636E+03	 8.77400E+02
 3.56825E+03	 8.77500E+02
 3.57014E+03	 8.77100E+02
 3.57203E+03	 8.77300E+02
 3.57392E+03	 8.77500E+02
 3.57581E+03	 8.77300E+02
 3.57770E+03	 8.77300E+02
 3.57959E+03	 8.77800E+02
 3.58148E+03	 8.77500E+02
 3.58337E+03	 8.77800E+02
 3.58525E+03	 8.77400E+02
 3.58714E+03	 8.77100E+02
 3.58903E+03	 8.78200E+02
 3.59091E+03	 8.78200E+02
 3.59280E+03	 8.77800E+02
 3.59468E+03	 8.77800E+02
 3.59657E+03	 8.77800E+02
 3.59845E+03	 8.77900E+02
 3.60033E+03	 8.77700E+02
 3.60222E+03	 8.77100E+02
 3.60410E+03	 8.77600E+02
 3.60598E+03	 8.87600E+02
 3.60786E+03	 8.79700E+02
 3.60974E+03	 8.77600E+02
 3.61162E+03	 8.77800E+02
 3.61350E+03	 8.77700E+02
 3.61538E+03	 8.77300E+02
 3.61726E+03	 8.76600E+02
 3.61914E+03	 8.77900E+02
 3.62101E+03	 8.77400E+02
 3.62289E+03	 8.76700E+02
 3.62477E+03	 8.77200E+02
 3.62664E+03	 8.77500E+02
 3.62852E+03	 8.77600E+02
 3.63039E+03	 8.77700E+02
 3.63227E+03	 8.77700E+02
 3.63414E+03	 8.77600E+02
 3.63601E+03	 8.77400E+02
 3.63789E+03	 8.76500E+02
 3.63976E+03	 8.77700E+02
 3.64163E+03	 8.77200E+02
 3.64350E+03	 8.77300E+02
 3.64537E+03	 8.77100E+02
 3.64724E+03	 8.77300E+02
 3.64911E+03	 8.77800E+02
 3.65098E+03	 8.77200E+02
 3.65285E+03	 8.76900E+02
 3.65472E+03	 8.77700E+02
 3.65658E+03	 8.77100E+02
 3.65845E+03	 8.77300E+02
 3.66032E+03	 8.77700E+02
 3.66218E+03	 8.77500E+02
 3.66405E+03	 8.77900E+02
 3.66591E+03	 8.77400E+02
 3.66778E+03	 8.77900E+02
 3.66964E+03	 8.78000E+02
 3.67151E+03	 8.77600E+02
