 4.72179E+02	 9.43133E+02
 4.75575E+02	 9.47533E+02
 4.78969E+02	 9.51933E+02
 4.82362E+02	 9.58133E+02
 4.85753E+02	 9.63533E+02
 4.89144E+02	 9.71067E+02
 4.92533E+02	 9.85800E+02
 4.95921E+02	 1.01620E+03
 4.99308E+02	 1.06640E+03
 5.02694E+02	 1.16913E+03
 5.06079E+02	 1.42500E+03
 5.09462E+02	 1.97980E+03
 5.12844E+02	 2.70020E+03
 5.16225E+02	 3.00193E+03
 5.19605E+02	 2.61173E+03
 5.22983E+02	 1.92820E+03
 5.26361E+02	 1.47807E+03
 5.29737E+02	 1.26787E+03
 5.33112E+02	 1.16453E+03
 5.36486E+02	 1.10193E+03
 5.39858E+02	 1.06100E+03
 5.43230E+02	 1.04633E+03
 5.46600E+02	 1.02647E+03
 5.49969E+02	 1.01460E+03
 5.53337E+02	 1.00347E+03
 5.56704E+02	 9.94267E+02
 5.60069E+02	 9.88333E+02
 5.63433E+02	 9.85733E+02
 5.66796E+02	 9.81000E+02
 5.70158E+02	 9.78733E+02
 5.73519E+02	 9.75333E+02
 5.76879E+02	 9.73000E+02
 5.80237E+02	 9.70000E+02
 5.83594E+02	 9.68267E+02
 5.86950E+02	 9.67733E+02
 5.90305E+02	 9.67000E+02
 5.93659E+02	 9.68333E+02
 5.97011E+02	 9.68733E+02
 6.00363E+02	 9.68600E+02
 6.03713E+02	 9.76867E+02
 6.07062E+02	 9.85933E+02
 6.10409E+02	 9.89733E+02
 6.13756E+02	 9.92333E+02
 6.17101E+02	 9.92867E+02
 6.20446E+02	 9.88667E+02
 6.23789E+02	 9.81333E+02
 6.27130E+02	 9.76200E+02
 6.30471E+02	 9.75800E+02
 6.33811E+02	 9.73267E+02
 6.37149E+02	 9.76267E+02
 6.40486E+02	 9.75600E+02
 6.43822E+02	 9.73133E+02
 6.47157E+02	 9.73933E+02
 6.50491E+02	 9.72667E+02
 6.53823E+02	 9.71467E+02
 6.57155E+02	 9.73000E+02
 6.60485E+02	 9.73733E+02
 6.63814E+02	 9.75000E+02
 6.67142E+02	 9.80267E+02
 6.70468E+02	 9.82800E+02
 6.73794E+02	 9.81067E+02
 6.77118E+02	 9.76600E+02
 6.80441E+02	 9.72200E+02
 6.83763E+02	 9.71200E+02
 6.87084E+02	 9.68200E+02
 6.90404E+02	 9.68667E+02
 6.93722E+02	 9.64733E+02
 6.97040E+02	 9.63400E+02
 7.00356E+02	 9.60600E+02
 7.03671E+02	 9.59733E+02
 7.06985E+02	 9.58000E+02
 7.10297E+02	 9.57733E+02
 7.13609E+02	 9.54333E+02
 7.16919E+02	 9.52867E+02
 7.20228E+02	 9.52333E+02
 7.23537E+02	 9.51800E+02
 7.26843E+02	 9.56733E+02
 7.30149E+02	 9.57933E+02
 7.33454E+02	 9.53400E+02
 7.36757E+02	 9.51733E+02
 7.40060E+02	 9.53733E+02
 7.43361E+02	 9.54933E+02
 7.46661E+02	 9.54467E+02
 7.49959E+02	 9.55867E+02
 7.53257E+02	 9.58200E+02
 7.56554E+02	 9.57867E+02
 7.59849E+02	 9.59933E+02
 7.63143E+02	 9.58133E+02
 7.66436E+02	 9.58200E+02
 7.69728E+02	 9.59267E+02
 7.73019E+02	 9.58200E+02
 7.76309E+02	 9.61533E+02
 7.79597E+02	 9.66667E+02
 7.82884E+02	 9.67400E+02
 7.86171E+02	 9.64000E+02
 7.89456E+02	 9.66200E+02
 7.92739E+02	 9.67400E+02
 7.96022E+02	 9.67933E+02
 7.99304E+02	 9.72067E+02
 8.02584E+02	 9.70933E+02
 8.05864E+02	 9.73267E+02
 8.09142E+02	 9.76000E+02
 8.12419E+02	 9.78533E+02
 8.15695E+02	 9.81133E+02
 8.18969E+02	 9.79800E+02
 8.22243E+02	 9.78933E+02
 8.25515E+02	 9.81067E+02
 8.28787E+02	 9.79667E+02
 8.32057E+02	 9.77933E+02
 8.35326E+02	 9.76600E+02
 8.38594E+02	 9.74000E+02
 8.41861E+02	 9.73267E+02
 8.45126E+02	 9.74667E+02
 8.48391E+02	 9.73333E+02
 8.51654E+02	 9.70667E+02
 8.54916E+02	 9.73533E+02
 8.58177E+02	 9.75600E+02
 8.61437E+02	 9.74067E+02
 8.64696E+02	 9.71467E+02
 8.67954E+02	 9.72000E+02
 8.71210E+02	 9.74333E+02
 8.74466E+02	 9.73267E+02
 8.77720E+02	 9.75533E+02
 8.80973E+02	 9.75800E+02
 8.84225E+02	 9.76400E+02
 8.87476E+02	 9.76533E+02
 8.90726E+02	 9.75333E+02
 8.93975E+02	 9.79200E+02
 8.97222E+02	 9.80533E+02
 9.00469E+02	 9.79333E+02
 9.03714E+02	 9.81667E+02
 9.06958E+02	 9.83667E+02
 9.10201E+02	 9.82867E+02
 9.13443E+02	 9.89267E+02
 9.16684E+02	 9.96667E+02
 9.19923E+02	 1.00313E+03
 9.23162E+02	 1.02020E+03
 9.26399E+02	 1.05193E+03
 9.29635E+02	 1.08600E+03
 9.32871E+02	 1.13200E+03
 9.36105E+02	 1.18573E+03
 9.39338E+02	 1.23267E+03
 9.42569E+02	 1.25240E+03
 9.45800E+02	 1.25660E+03
 9.49030E+02	 1.25593E+03
 9.52258E+02	 1.25460E+03
 9.55485E+02	 1.27273E+03
 9.58711E+02	 1.27593E+03
 9.61937E+02	 1.26913E+03
 9.65161E+02	 1.28433E+03
 9.68383E+02	 1.29233E+03
 9.71605E+02	 1.29993E+03
 9.74826E+02	 1.30187E+03
 9.78045E+02	 1.30140E+03
 9.81264E+02	 1.29300E+03
 9.84481E+02	 1.26680E+03
 9.87697E+02	 1.22433E+03
 9.90912E+02	 1.16087E+03
 9.94126E+02	 1.12007E+03
 9.97339E+02	 1.09220E+03
 1.00055E+03	 1.07273E+03
 1.00376E+03	 1.05320E+03
 1.00697E+03	 1.04480E+03
 1.01018E+03	 1.03473E+03
 1.01339E+03	 1.02367E+03
 1.01659E+03	 1.01560E+03
 1.01980E+03	 1.00887E+03
 1.02300E+03	 1.00253E+03
 1.02620E+03	 9.91267E+02
 1.02941E+03	 9.86000E+02
 1.03261E+03	 9.77533E+02
 1.03581E+03	 9.68933E+02
 1.03900E+03	 9.64667E+02
 1.04220E+03	 9.63133E+02
 1.04540E+03	 9.63133E+02
 1.04859E+03	 9.60800E+02
 1.05179E+03	 9.58133E+02
 1.05498E+03	 9.58000E+02
 1.05817E+03	 9.58067E+02
 1.06136E+03	 9.56533E+02
 1.06455E+03	 9.59533E+02
 1.06774E+03	 9.59800E+02
 1.07093E+03	 9.58200E+02
 1.07412E+03	 9.57467E+02
 1.07730E+03	 9.57400E+02
 1.08048E+03	 9.59467E+02
 1.08367E+03	 9.60400E+02
 1.08685E+03	 9.60800E+02
 1.09003E+03	 9.61533E+02
 1.09321E+03	 9.63533E+02
 1.09639E+03	 9.62667E+02
 1.09957E+03	 9.58933E+02
 1.10274E+03	 9.58800E+02
 1.10592E+03	 9.60733E+02
 1.10909E+03	 9.61067E+02
 1.11227E+03	 9.62800E+02
 1.11544E+03	 9.61667E+02
 1.11861E+03	 9.61667E+02
 1.12178E+03	 9.59733E+02
 1.12495E+03	 9.59333E+02
 1.12812E+03	 9.61000E+02
 1.13128E+03	 9.62067E+02
 1.13445E+03	 9.61067E+02
 1.13761E+03	 9.60533E+02
 1.14078E+03	 9.61733E+02
 1.14394E+03	 9.63733E+02
 1.14710E+03	 9.64667E+02
 1.15026E+03	 9.64133E+02
 1.15342E+03	 9.66867E+02
 1.15658E+03	 9.64667E+02
 1.15973E+03	 9.63200E+02
 1.16289E+03	 9.67000E+02
 1.16604E+03	 9.69067E+02
 1.16920E+03	 9.69533E+02
 1.17235E+03	 9.69733E+02
 1.17550E+03	 9.70867E+02
 1.17865E+03	 9.70867E+02
 1.18180E+03	 9.72533E+02
 1.18495E+03	 9.77733E+02
 1.18810E+03	 9.76133E+02
 1.19124E+03	 9.69800E+02
 1.19439E+03	 9.70533E+02
 1.19753E+03	 9.74267E+02
 1.20067E+03	 9.76467E+02
 1.20382E+03	 9.76133E+02
 1.20696E+03	 9.73067E+02
 1.21010E+03	 9.76733E+02
 1.21324E+03	 9.81067E+02
 1.21637E+03	 9.83067E+02
 1.21951E+03	 9.82400E+02
 1.22264E+03	 9.85400E+02
 1.22578E+03	 9.85067E+02
 1.22891E+03	 9.83000E+02
 1.23204E+03	 9.83200E+02
 1.23518E+03	 9.84133E+02
 1.23831E+03	 9.84400E+02
 1.24143E+03	 9.83867E+02
 1.24456E+03	 9.86533E+02
 1.24769E+03	 9.92333E+02
 1.25081E+03	 9.89600E+02
 1.25394E+03	 9.91533E+02
 1.25706E+03	 9.97467E+02
 1.26019E+03	 1.00027E+03
 1.26331E+03	 9.95133E+02
 1.26643E+03	 1.00047E+03
 1.26955E+03	 1.00193E+03
 1.27266E+03	 1.00753E+03
 1.27578E+03	 1.00560E+03
 1.27890E+03	 1.00673E+03
 1.28201E+03	 1.00653E+03
 1.28513E+03	 1.00800E+03
 1.28824E+03	 1.01553E+03
 1.29135E+03	 1.01980E+03
 1.29446E+03	 1.01347E+03
 1.29757E+03	 1.01720E+03
 1.30068E+03	 1.02453E+03
 1.30379E+03	 1.02227E+03
 1.30690E+03	 1.02153E+03
 1.31000E+03	 1.02547E+03
 1.31311E+03	 1.02500E+03
 1.31621E+03	 1.03107E+03
 1.31931E+03	 1.02993E+03
 1.32241E+03	 1.02947E+03
 1.32551E+03	 1.03387E+03
 1.32861E+03	 1.03607E+03
 1.33171E+03	 1.03620E+03
 1.33481E+03	 1.03847E+03
 1.33790E+03	 1.04053E+03
 1.34100E+03	 1.03767E+03
 1.34409E+03	 1.03520E+03
 1.34718E+03	 1.03453E+03
 1.35028E+03	 1.03547E+03
 1.35337E+03	 1.03673E+03
 1.35646E+03	 1.03747E+03
 1.35955E+03	 1.03533E+03
 1.36263E+03	 1.03427E+03
 1.36572E+03	 1.03393E+03
 1.36881E+03	 1.02987E+03
 1.37189E+03	 1.03000E+03
 1.37497E+03	 1.02393E+03
 1.37806E+03	 1.02200E+03
 1.38114E+03	 1.02680E+03
 1.38422E+03	 1.02500E+03
 1.38730E+03	 1.02247E+03
 1.39037E+03	 1.02153E+03
 1.39345E+03	 1.02260E+03
 1.39653E+03	 1.02193E+03
 1.39960E+03	 1.01620E+03
 1.40268E+03	 1.01800E+03
 1.40575E+03	 1.01400E+03
 1.40882E+03	 1.01360E+03
 1.41189E+03	 1.01367E+03
 1.41496E+03	 1.01293E+03
 1.41803E+03	 1.00887E+03
 1.42110E+03	 1.00660E+03
 1.42417E+03	 1.00887E+03
 1.42723E+03	 1.01073E+03
 1.43030E+03	 1.01120E+03
 1.43336E+03	 1.01347E+03
 1.43642E+03	 1.01253E+03
 1.43948E+03	 1.00827E+03
 1.44254E+03	 1.00827E+03
 1.44560E+03	 1.01207E+03
 1.44866E+03	 1.01267E+03
 1.45172E+03	 1.01187E+03
 1.45478E+03	 1.01133E+03
 1.45783E+03	 1.00793E+03
 1.46089E+03	 1.01207E+03
 1.46394E+03	 1.01353E+03
 1.46699E+03	 1.01873E+03
 1.47004E+03	 1.02073E+03
 1.47309E+03	 1.01980E+03
 1.47614E+03	 1.01847E+03
 1.47919E+03	 1.02007E+03
 1.48224E+03	 1.02287E+03
 1.48528E+03	 1.02373E+03
 1.48833E+03	 1.03387E+03
 1.49137E+03	 1.03627E+03
 1.49441E+03	 1.03380E+03
 1.49746E+03	 1.03513E+03
 1.50050E+03	 1.03667E+03
 1.50354E+03	 1.04073E+03
 1.50658E+03	 1.04193E+03
 1.50961E+03	 1.04513E+03
 1.51265E+03	 1.04273E+03
 1.51569E+03	 1.04880E+03
 1.51872E+03	 1.05547E+03
 1.52175E+03	 1.05873E+03
 1.52479E+03	 1.06440E+03
 1.52782E+03	 1.07180E+03
 1.53085E+03	 1.07800E+03
 1.53388E+03	 1.08747E+03
 1.53691E+03	 1.10487E+03
 1.53993E+03	 1.11193E+03
 1.54296E+03	 1.12580E+03
 1.54599E+03	 1.14920E+03
 1.54901E+03	 1.18413E+03
 1.55204E+03	 1.22067E+03
 1.55506E+03	 1.26673E+03
 1.55808E+03	 1.33740E+03
 1.56110E+03	 1.44193E+03
 1.56412E+03	 1.59660E+03
 1.56714E+03	 1.81993E+03
 1.57015E+03	 2.18507E+03
 1.57317E+03	 2.71373E+03
 1.57619E+03	 3.29867E+03
 1.57920E+03	 3.75587E+03
 1.58221E+03	 3.85827E+03
 1.58523E+03	 3.49187E+03
 1.58824E+03	 2.86720E+03
 1.59125E+03	 2.27220E+03
 1.59426E+03	 1.84167E+03
 1.59727E+03	 1.57673E+03
 1.60027E+03	 1.42627E+03
 1.60328E+03	 1.33220E+03
 1.60628E+03	 1.28313E+03
 1.60929E+03	 1.24560E+03
 1.61229E+03	 1.20120E+03
 1.61529E+03	 1.17587E+03
 1.61830E+03	 1.15193E+03
 1.62130E+03	 1.12920E+03
 1.62429E+03	 1.10980E+03
 1.62729E+03	 1.09300E+03
 1.63029E+03	 1.07600E+03
 1.63329E+03	 1.06527E+03
 1.63628E+03	 1.05853E+03
 1.63928E+03	 1.04867E+03
 1.64227E+03	 1.03627E+03
 1.64526E+03	 1.03147E+03
 1.64825E+03	 1.03033E+03
 1.65124E+03	 1.02213E+03
 1.65423E+03	 1.01827E+03
 1.65722E+03	 1.01853E+03
 1.66021E+03	 1.01567E+03
 1.66319E+03	 1.00987E+03
 1.66618E+03	 1.00720E+03
 1.66916E+03	 1.00473E+03
 1.67214E+03	 1.00573E+03
 1.67513E+03	 1.00847E+03
 1.67811E+03	 1.00600E+03
 1.68109E+03	 1.00380E+03
 1.68407E+03	 1.00240E+03
 1.68705E+03	 1.00320E+03
 1.69002E+03	 1.00013E+03
 1.69300E+03	 1.00200E+03
 1.69597E+03	 1.00260E+03
 1.69895E+03	 1.00020E+03
 1.70192E+03	 9.96800E+02
 1.70489E+03	 9.94867E+02
 1.70786E+03	 9.95400E+02
 1.71083E+03	 9.96200E+02
 1.71380E+03	 9.93067E+02
 1.71677E+03	 9.96533E+02
 1.71974E+03	 9.93733E+02
 1.72271E+03	 9.95800E+02
 1.72567E+03	 9.96533E+02
 1.72863E+03	 9.96867E+02
 1.73160E+03	 9.98600E+02
 1.73456E+03	 9.98800E+02
 1.73752E+03	 9.98600E+02
 1.74048E+03	 9.97800E+02
 1.74344E+03	 9.99000E+02
 1.74640E+03	 1.00033E+03
 1.74936E+03	 9.98467E+02
 1.75231E+03	 9.99667E+02
 1.75527E+03	 9.99000E+02
 1.75822E+03	 9.98133E+02
 1.76118E+03	 9.95933E+02
 1.76413E+03	 9.96000E+02
 1.76708E+03	 9.96200E+02
 1.77003E+03	 9.93600E+02
 1.77298E+03	 9.88067E+02
 1.77593E+03	 9.85867E+02
 1.77888E+03	 9.88067E+02
 1.78182E+03	 9.86667E+02
 1.78477E+03	 9.86333E+02
 1.78771E+03	 9.85000E+02
 1.79066E+03	 9.85333E+02
 1.79360E+03	 9.82733E+02
 1.79654E+03	 9.84133E+02
 1.79948E+03	 9.81733E+02
 1.80242E+03	 9.82667E+02
 1.80536E+03	 9.82267E+02
 1.80830E+03	 9.81267E+02
 1.81123E+03	 9.80133E+02
 1.81417E+03	 9.82333E+02
 1.81710E+03	 9.85600E+02
 1.82004E+03	 9.82733E+02
 1.82297E+03	 9.81733E+02
 1.82590E+03	 9.81533E+02
 1.82883E+03	 9.80200E+02
 1.83176E+03	 9.82867E+02
 1.83469E+03	 9.84200E+02
 1.83762E+03	 9.82133E+02
 1.84055E+03	 9.78067E+02
 1.84347E+03	 9.80667E+02
 1.84640E+03	 9.80267E+02
 1.84932E+03	 9.81333E+02
 1.85224E+03	 9.81867E+02
 1.85517E+03	 9.82867E+02
 1.85809E+03	 9.83067E+02
 1.86101E+03	 9.85333E+02
 1.86393E+03	 9.85933E+02
 1.86684E+03	 9.82200E+02
 1.86976E+03	 9.80133E+02
 1.87268E+03	 9.80867E+02
 1.87559E+03	 9.83800E+02
 1.87851E+03	 9.84733E+02
 1.88142E+03	 9.82467E+02
 1.88433E+03	 9.83600E+02
 1.88724E+03	 9.86000E+02
 1.89016E+03	 9.84133E+02
 1.89306E+03	 9.80533E+02
 1.89597E+03	 9.82333E+02
 1.89888E+03	 9.83400E+02
 1.90179E+03	 9.85800E+02
 1.90469E+03	 9.85667E+02
 1.90760E+03	 9.86000E+02
 1.91050E+03	 9.86933E+02
 1.91340E+03	 9.85867E+02
 1.91631E+03	 9.84000E+02
 1.91921E+03	 9.83933E+02
 1.92211E+03	 9.84867E+02
 1.92501E+03	 9.84067E+02
 1.92790E+03	 9.85867E+02
 1.93080E+03	 9.84000E+02
 1.93370E+03	 9.83800E+02
 1.93659E+03	 9.83133E+02
 1.93949E+03	 9.85067E+02
 1.94238E+03	 9.89467E+02
 1.94527E+03	 9.89600E+02
 1.94816E+03	 9.85267E+02
 1.95105E+03	 9.87733E+02
 1.95394E+03	 9.89067E+02
 1.95683E+03	 9.87133E+02
 1.95972E+03	 9.83733E+02
 1.96260E+03	 9.84333E+02
 1.96549E+03	 9.84600E+02
 1.96837E+03	 9.87800E+02
 1.97126E+03	 9.89000E+02
 1.97414E+03	 9.89800E+02
 1.97702E+03	 9.89067E+02
 1.97990E+03	 9.87067E+02
 1.98278E+03	 9.85133E+02
 1.98566E+03	 9.84533E+02
 1.98854E+03	 9.89267E+02
 1.99142E+03	 9.87400E+02
 1.99429E+03	 9.86400E+02
 1.99717E+03	 9.86333E+02
 2.00004E+03	 9.85533E+02
 2.00291E+03	 9.85667E+02
 2.00579E+03	 9.86400E+02
 2.00866E+03	 9.87333E+02
 2.01153E+03	 9.87200E+02
 2.01440E+03	 9.85400E+02
 2.01727E+03	 9.85200E+02
 2.02013E+03	 9.87667E+02
 2.02300E+03	 9.85467E+02
 2.02587E+03	 9.79867E+02
 2.02873E+03	 9.84667E+02
 2.03159E+03	 9.86467E+02
 2.03446E+03	 9.83933E+02
 2.03732E+03	 9.87467E+02
 2.04018E+03	 9.88400E+02
 2.04304E+03	 9.89533E+02
 2.04590E+03	 9.89800E+02
 2.04876E+03	 9.88000E+02
 2.05161E+03	 9.87067E+02
 2.05447E+03	 9.89133E+02
 2.05732E+03	 9.90267E+02
 2.06018E+03	 9.93133E+02
 2.06303E+03	 9.89600E+02
 2.06588E+03	 9.89733E+02
 2.06874E+03	 9.91800E+02
 2.07159E+03	 9.93067E+02
 2.07444E+03	 9.88600E+02
 2.07728E+03	 9.84267E+02
 2.08013E+03	 9.86267E+02
 2.08298E+03	 9.83667E+02
 2.08582E+03	 9.81867E+02
 2.08867E+03	 9.81800E+02
 2.09151E+03	 9.84467E+02
 2.09436E+03	 9.86333E+02
 2.09720E+03	 9.79867E+02
 2.10004E+03	 9.78000E+02
 2.10288E+03	 9.79067E+02
 2.10572E+03	 9.75867E+02
 2.10856E+03	 9.78667E+02
 2.11140E+03	 9.82133E+02
 2.11423E+03	 9.78867E+02
 2.11707E+03	 9.78733E+02
 2.11990E+03	 9.75600E+02
 2.12274E+03	 9.78867E+02
 2.12557E+03	 9.77000E+02
 2.12840E+03	 9.78267E+02
 2.13123E+03	 9.78133E+02
 2.13406E+03	 9.77267E+02
 2.13689E+03	 9.77267E+02
 2.13972E+03	 9.79933E+02
 2.14255E+03	 9.78333E+02
 2.14537E+03	 9.75667E+02
 2.14820E+03	 9.75533E+02
 2.15102E+03	 9.77400E+02
 2.15385E+03	 9.75333E+02
 2.15667E+03	 9.75600E+02
 2.15949E+03	 9.80133E+02
 2.16231E+03	 9.78733E+02
 2.16513E+03	 9.76067E+02
 2.16795E+03	 9.76133E+02
 2.17077E+03	 9.78733E+02
 2.17358E+03	 9.79667E+02
 2.17640E+03	 9.79267E+02
 2.17922E+03	 9.79533E+02
 2.18203E+03	 9.80867E+02
 2.18484E+03	 9.80067E+02
 2.18766E+03	 9.78000E+02
 2.19047E+03	 9.77733E+02
 2.19328E+03	 9.80733E+02
 2.19609E+03	 9.78000E+02
 2.19890E+03	 9.76400E+02
 2.20170E+03	 9.78533E+02
 2.20451E+03	 9.77933E+02
 2.20732E+03	 9.75267E+02
 2.21012E+03	 9.75933E+02
 2.21293E+03	 9.76733E+02
 2.21573E+03	 9.76600E+02
 2.21853E+03	 9.77867E+02
 2.22133E+03	 9.76733E+02
 2.22413E+03	 9.76600E+02
 2.22693E+03	 9.73667E+02
 2.22973E+03	 9.72600E+02
 2.23253E+03	 9.75667E+02
 2.23533E+03	 9.74867E+02
 2.23812E+03	 9.73933E+02
 2.24092E+03	 9.75800E+02
 2.24371E+03	 9.75333E+02
 2.24651E+03	 9.75333E+02
 2.24930E+03	 9.76000E+02
 2.25209E+03	 9.77000E+02
 2.25488E+03	 9.76733E+02
 2.25767E+03	 9.73000E+02
 2.26046E+03	 9.71733E+02
 2.26325E+03	 9.76067E+02
 2.26603E+03	 9.75667E+02
 2.26882E+03	 9.76667E+02
 2.27160E+03	 9.73867E+02
 2.27439E+03	 9.70000E+02
 2.27717E+03	 9.72600E+02
 2.27995E+03	 9.75800E+02
 2.28273E+03	 9.73600E+02
 2.28552E+03	 9.74667E+02
 2.28829E+03	 9.71933E+02
 2.29107E+03	 9.73267E+02
 2.29385E+03	 9.76133E+02
 2.29663E+03	 9.75400E+02
 2.29940E+03	 9.75467E+02
 2.30218E+03	 9.75467E+02
 2.30495E+03	 9.75600E+02
 2.30773E+03	 9.72267E+02
 2.31050E+03	 9.72000E+02
 2.31327E+03	 9.73467E+02
 2.31604E+03	 9.77933E+02
 2.31881E+03	 9.76533E+02
 2.32158E+03	 9.73267E+02
 2.32435E+03	 9.74467E+02
 2.32711E+03	 9.77200E+02
 2.32988E+03	 9.75800E+02
 2.33265E+03	 9.73400E+02
 2.33541E+03	 9.75200E+02
 2.33817E+03	 9.78000E+02
 2.34094E+03	 9.77333E+02
 2.34370E+03	 9.76200E+02
 2.34646E+03	 9.76467E+02
 2.34922E+03	 9.78200E+02
 2.35198E+03	 9.77400E+02
 2.35474E+03	 9.77533E+02
 2.35749E+03	 9.77133E+02
 2.36025E+03	 9.75200E+02
 2.36300E+03	 9.74133E+02
 2.36576E+03	 9.76000E+02
 2.36851E+03	 9.78333E+02
 2.37126E+03	 9.78267E+02
 2.37402E+03	 9.74533E+02
 2.37677E+03	 9.75067E+02
 2.37952E+03	 9.80733E+02
 2.38227E+03	 9.79933E+02
 2.38501E+03	 9.76000E+02
 2.38776E+03	 9.77533E+02
 2.39051E+03	 9.80267E+02
 2.39325E+03	 9.80067E+02
 2.39600E+03	 9.80133E+02
 2.39874E+03	 9.81400E+02
 2.40149E+03	 9.85267E+02
 2.40423E+03	 9.84867E+02
 2.40697E+03	 9.87467E+02
 2.40971E+03	 9.91800E+02
 2.41245E+03	 9.97933E+02
 2.41519E+03	 1.00180E+03
 2.41792E+03	 1.01147E+03
 2.42066E+03	 1.01620E+03
 2.42340E+03	 1.02560E+03
 2.42613E+03	 1.02633E+03
 2.42887E+03	 1.03447E+03
 2.43160E+03	 1.04060E+03
 2.43433E+03	 1.04127E+03
 2.43706E+03	 1.04360E+03
 2.43979E+03	 1.04120E+03
 2.44252E+03	 1.04633E+03
 2.44525E+03	 1.05413E+03
 2.44798E+03	 1.05067E+03
 2.45071E+03	 1.04900E+03
 2.45343E+03	 1.04533E+03
 2.45616E+03	 1.04820E+03
 2.45888E+03	 1.05400E+03
 2.46160E+03	 1.04787E+03
 2.46433E+03	 1.04053E+03
 2.46705E+03	 1.03173E+03
 2.46977E+03	 1.02780E+03
 2.47249E+03	 1.02860E+03
 2.47521E+03	 1.02640E+03
 2.47793E+03	 1.02553E+03
 2.48064E+03	 1.01813E+03
 2.48336E+03	 1.01653E+03
 2.48608E+03	 1.01373E+03
 2.48879E+03	 1.00993E+03
 2.49150E+03	 1.01007E+03
 2.49422E+03	 1.00673E+03
 2.49693E+03	 1.00400E+03
 2.49964E+03	 1.00273E+03
 2.50235E+03	 1.00460E+03
 2.50506E+03	 1.00260E+03
 2.50777E+03	 9.98467E+02
 2.51048E+03	 9.95867E+02
 2.51318E+03	 9.96400E+02
 2.51589E+03	 9.96467E+02
 2.51859E+03	 9.96933E+02
 2.52130E+03	 9.96800E+02
 2.52400E+03	 9.97000E+02
 2.52670E+03	 9.95533E+02
 2.52941E+03	 9.94667E+02
 2.53211E+03	 9.96467E+02
 2.53481E+03	 9.99733E+02
 2.53751E+03	 9.98667E+02
 2.54020E+03	 9.94133E+02
 2.54290E+03	 9.95400E+02
 2.54560E+03	 9.96467E+02
 2.54829E+03	 9.95533E+02
 2.55099E+03	 9.98200E+02
 2.55368E+03	 9.96600E+02
 2.55637E+03	 9.96867E+02
 2.55907E+03	 9.98067E+02
 2.56176E+03	 9.97867E+02
 2.56445E+03	 9.98200E+02
 2.56714E+03	 1.00093E+03
 2.56983E+03	 9.98667E+02
 2.57251E+03	 9.99200E+02
 2.57520E+03	 1.00120E+03
 2.57789E+03	 1.00187E+03
 2.58057E+03	 1.00147E+03
 2.58326E+03	 1.00433E+03
 2.58594E+03	 1.00893E+03
 2.58862E+03	 1.00907E+03
 2.59130E+03	 1.00860E+03
 2.59398E+03	 1.00467E+03
 2.59666E+03	 1.00900E+03
 2.59934E+03	 1.01207E+03
 2.60202E+03	 1.01467E+03
 2.60470E+03	 1.01407E+03
 2.60738E+03	 1.01740E+03
 2.61005E+03	 1.02613E+03
 2.61273E+03	 1.02887E+03
 2.61540E+03	 1.02887E+03
 2.61807E+03	 1.03653E+03
 2.62075E+03	 1.04360E+03
 2.62342E+03	 1.04873E+03
 2.62609E+03	 1.04953E+03
 2.62876E+03	 1.05580E+03
 2.63143E+03	 1.06747E+03
 2.63409E+03	 1.07807E+03
 2.63676E+03	 1.09393E+03
 2.63943E+03	 1.11013E+03
 2.64209E+03	 1.12880E+03
 2.64476E+03	 1.14133E+03
 2.64742E+03	 1.15740E+03
 2.65008E+03	 1.18453E+03
 2.65275E+03	 1.19740E+03
 2.65541E+03	 1.21147E+03
 2.65807E+03	 1.23227E+03
 2.66073E+03	 1.24593E+03
 2.66339E+03	 1.26893E+03
 2.66604E+03	 1.29047E+03
 2.66870E+03	 1.30700E+03
 2.67136E+03	 1.33247E+03
 2.67401E+03	 1.35867E+03
 2.67667E+03	 1.37767E+03
 2.67932E+03	 1.40060E+03
 2.68197E+03	 1.44160E+03
 2.68462E+03	 1.49520E+03
 2.68728E+03	 1.53220E+03
 2.68993E+03	 1.57940E+03
 2.69258E+03	 1.61867E+03
 2.69522E+03	 1.67613E+03
 2.69787E+03	 1.74020E+03
 2.70052E+03	 1.74547E+03
 2.70316E+03	 1.75273E+03
 2.70581E+03	 1.75193E+03
 2.70845E+03	 1.76140E+03
 2.71110E+03	 1.75080E+03
 2.71374E+03	 1.71793E+03
 2.71638E+03	 1.75273E+03
 2.71902E+03	 1.76660E+03
 2.72166E+03	 1.77627E+03
 2.72430E+03	 1.76193E+03
 2.72694E+03	 1.76780E+03
 2.72958E+03	 1.79533E+03
 2.73221E+03	 1.81620E+03
 2.73485E+03	 1.82633E+03
 2.73748E+03	 1.81287E+03
 2.74012E+03	 1.80980E+03
 2.74275E+03	 1.77633E+03
 2.74538E+03	 1.72773E+03
 2.74802E+03	 1.67000E+03
 2.75065E+03	 1.62613E+03
 2.75328E+03	 1.54833E+03
 2.75591E+03	 1.46167E+03
 2.75853E+03	 1.40513E+03
 2.76116E+03	 1.32933E+03
 2.76379E+03	 1.26653E+03
 2.76641E+03	 1.21833E+03
 2.76904E+03	 1.16887E+03
 2.77166E+03	 1.13567E+03
 2.77429E+03	 1.11373E+03
 2.77691E+03	 1.09680E+03
 2.77953E+03	 1.08233E+03
 2.78215E+03	 1.07527E+03
 2.78477E+03	 1.06040E+03
 2.78739E+03	 1.05540E+03
 2.79001E+03	 1.04587E+03
 2.79263E+03	 1.04207E+03
 2.79524E+03	 1.03867E+03
 2.79786E+03	 1.03173E+03
 2.80047E+03	 1.02813E+03
 2.80309E+03	 1.02260E+03
 2.80570E+03	 1.02060E+03
 2.80831E+03	 1.01840E+03
 2.81092E+03	 1.01447E+03
 2.81354E+03	 1.01513E+03
 2.81615E+03	 1.01207E+03
 2.81875E+03	 1.00927E+03
 2.82136E+03	 1.00540E+03
 2.82397E+03	 1.00360E+03
 2.82658E+03	 1.00207E+03
 2.82918E+03	 1.00093E+03
 2.83179E+03	 1.00080E+03
 2.83439E+03	 9.97933E+02
 2.83700E+03	 9.96733E+02
 2.83960E+03	 9.97267E+02
 2.84220E+03	 9.94600E+02
 2.84480E+03	 9.90333E+02
 2.84740E+03	 9.88733E+02
 2.85000E+03	 9.91133E+02
 2.85260E+03	 9.91533E+02
 2.85520E+03	 9.91333E+02
 2.85779E+03	 9.89533E+02
 2.86039E+03	 9.87067E+02
 2.86298E+03	 9.85133E+02
 2.86558E+03	 9.81667E+02
 2.86817E+03	 9.84267E+02
 2.87076E+03	 9.91533E+02
 2.87336E+03	 9.88467E+02
 2.87595E+03	 9.82867E+02
 2.87854E+03	 9.78933E+02
 2.88113E+03	 9.78200E+02
 2.88372E+03	 9.76933E+02
 2.88630E+03	 9.78800E+02
 2.88889E+03	 9.79733E+02
 2.89148E+03	 9.81800E+02
 2.89406E+03	 9.77267E+02
 2.89665E+03	 9.73667E+02
 2.89923E+03	 9.76067E+02
 2.90181E+03	 9.77133E+02
 2.90440E+03	 9.73267E+02
 2.90698E+03	 9.76267E+02
 2.90956E+03	 9.75600E+02
 2.91214E+03	 9.75067E+02
 2.91472E+03	 9.72800E+02
 2.91729E+03	 9.71333E+02
 2.91987E+03	 9.72267E+02
 2.92245E+03	 9.72733E+02
 2.92502E+03	 9.74200E+02
 2.92760E+03	 9.72267E+02
 2.93017E+03	 9.71600E+02
 2.93274E+03	 9.73067E+02
 2.93532E+03	 9.70667E+02
 2.93789E+03	 9.67733E+02
 2.94046E+03	 9.67400E+02
 2.94303E+03	 9.68200E+02
 2.94560E+03	 9.69267E+02
 2.94817E+03	 9.70733E+02
 2.95073E+03	 9.68000E+02
 2.95330E+03	 9.68000E+02
 2.95587E+03	 9.68867E+02
 2.95843E+03	 9.68200E+02
 2.96099E+03	 9.67867E+02
 2.96356E+03	 9.67400E+02
 2.96612E+03	 9.66533E+02
 2.96868E+03	 9.64267E+02
 2.97124E+03	 9.64600E+02
 2.97380E+03	 9.65600E+02
 2.97636E+03	 9.64800E+02
 2.97892E+03	 9.64200E+02
 2.98148E+03	 9.61867E+02
 2.98404E+03	 9.64733E+02
 2.98659E+03	 9.64600E+02
 2.98915E+03	 9.62667E+02
 2.99170E+03	 9.64267E+02
 2.99426E+03	 9.64667E+02
 2.99681E+03	 9.65133E+02
 2.99936E+03	 9.60933E+02
 3.00191E+03	 9.58000E+02
 3.00446E+03	 9.56800E+02
 3.00701E+03	 9.59533E+02
 3.00956E+03	 9.61000E+02
 3.01211E+03	 9.63533E+02
 3.01466E+03	 9.61267E+02
 3.01720E+03	 9.57400E+02
 3.01975E+03	 9.57533E+02
 3.02229E+03	 9.58933E+02
 3.02484E+03	 9.56867E+02
 3.02738E+03	 9.56467E+02
 3.02992E+03	 9.55733E+02
 3.03247E+03	 9.56733E+02
 3.03501E+03	 9.58467E+02
 3.03755E+03	 9.55000E+02
 3.04009E+03	 9.52733E+02
 3.04262E+03	 9.52267E+02
 3.04516E+03	 9.56067E+02
 3.04770E+03	 9.56133E+02
 3.05024E+03	 9.57467E+02
 3.05277E+03	 9.56933E+02
 3.05531E+03	 9.54000E+02
 3.05784E+03	 9.53000E+02
 3.06037E+03	 9.52600E+02
 3.06290E+03	 9.54267E+02
 3.06544E+03	 9.52667E+02
 3.06797E+03	 9.52667E+02
 3.07050E+03	 9.53533E+02
 3.07303E+03	 9.53333E+02
 3.07555E+03	 9.54667E+02
 3.07808E+03	 9.51400E+02
 3.08061E+03	 9.52933E+02
 3.08313E+03	 9.52400E+02
 3.08566E+03	 9.52333E+02
 3.08818E+03	 9.53400E+02
 3.09071E+03	 9.52000E+02
 3.09323E+03	 9.51000E+02
 3.09575E+03	 9.51667E+02
 3.09827E+03	 9.52000E+02
 3.10079E+03	 9.50000E+02
 3.10331E+03	 9.50067E+02
 3.10583E+03	 9.51533E+02
 3.10835E+03	 9.53400E+02
 3.11087E+03	 9.50133E+02
 3.11338E+03	 9.51000E+02
 3.11590E+03	 9.52733E+02
 3.11841E+03	 9.50533E+02
 3.12093E+03	 9.50600E+02
 3.12344E+03	 9.48533E+02
 3.12595E+03	 9.50133E+02
 3.12846E+03	 9.51000E+02
 3.13097E+03	 9.51400E+02
 3.13348E+03	 9.49333E+02
 3.13599E+03	 9.47667E+02
 3.13850E+03	 9.50200E+02
 3.14101E+03	 9.49867E+02
 3.14352E+03	 9.50867E+02
 3.14602E+03	 9.49200E+02
 3.14853E+03	 9.49867E+02
 3.15103E+03	 9.51267E+02
 3.15354E+03	 9.51133E+02
 3.15604E+03	 9.49400E+02
 3.15854E+03	 9.49867E+02
 3.16104E+03	 9.49600E+02
 3.16354E+03	 9.49667E+02
 3.16604E+03	 9.49000E+02
 3.16854E+03	 9.49467E+02
 3.17104E+03	 9.48200E+02
 3.17354E+03	 9.50067E+02
 3.17604E+03	 9.52400E+02
 3.17853E+03	 9.52333E+02
 3.18103E+03	 9.48467E+02
 3.18352E+03	 9.44133E+02
 3.18602E+03	 9.45400E+02
 3.18851E+03	 9.45267E+02
 3.19100E+03	 9.46800E+02
 3.19349E+03	 9.45733E+02
 3.19598E+03	 9.45400E+02
 3.19847E+03	 9.43867E+02
 3.20096E+03	 9.42400E+02
 3.20345E+03	 9.42867E+02
 3.20594E+03	 9.46933E+02
 3.20842E+03	 9.47267E+02
 3.21091E+03	 9.44333E+02
 3.21340E+03	 9.44733E+02
 3.21588E+03	 9.45667E+02
 3.21836E+03	 9.45800E+02
 3.22085E+03	 9.47600E+02
 3.22333E+03	 9.49467E+02
 3.22581E+03	 9.54933E+02
 3.22829E+03	 9.60067E+02
 3.23077E+03	 9.65000E+02
 3.23325E+03	 9.74667E+02
 3.23573E+03	 9.87933E+02
 3.23821E+03	 1.00940E+03
 3.24068E+03	 1.03867E+03
 3.24316E+03	 1.07093E+03
 3.24563E+03	 1.08027E+03
 3.24811E+03	 1.06073E+03
 3.25058E+03	 1.02287E+03
 3.25305E+03	 9.85467E+02
 3.25553E+03	 9.64133E+02
 3.25800E+03	 9.50600E+02
 3.26047E+03	 9.45133E+02
 3.26294E+03	 9.44200E+02
 3.26541E+03	 9.40733E+02
 3.26788E+03	 9.38333E+02
 3.27034E+03	 9.38333E+02
 3.27281E+03	 9.36867E+02
 3.27528E+03	 9.35867E+02
 3.27774E+03	 9.34200E+02
 3.28021E+03	 9.35800E+02
 3.28267E+03	 9.35533E+02
 3.28513E+03	 9.35333E+02
 3.28759E+03	 9.36067E+02
 3.29006E+03	 9.34467E+02
 3.29252E+03	 9.34000E+02
 3.29498E+03	 9.33267E+02
 3.29743E+03	 9.33000E+02
 3.29989E+03	 9.33533E+02
 3.30235E+03	 9.32800E+02
 3.30481E+03	 9.31733E+02
 3.30726E+03	 9.31600E+02
 3.30972E+03	 9.33067E+02
 3.31217E+03	 9.31600E+02
 3.31463E+03	 9.30800E+02
 3.31708E+03	 9.31267E+02
 3.31953E+03	 9.30267E+02
 3.32198E+03	 9.30600E+02
 3.32443E+03	 9.33600E+02
 3.32688E+03	 9.31000E+02
 3.32933E+03	 9.29800E+02
 3.33178E+03	 9.31533E+02
 3.33423E+03	 9.32000E+02
 3.33668E+03	 9.30067E+02
 3.33912E+03	 9.30200E+02
 3.34157E+03	 9.29333E+02
 3.34401E+03	 9.30867E+02
 3.34646E+03	 9.29733E+02
 3.34890E+03	 9.27800E+02
 3.35134E+03	 9.28333E+02
 3.35378E+03	 9.27733E+02
 3.35623E+03	 9.28133E+02
 3.35867E+03	 9.29533E+02
 3.36111E+03	 9.29800E+02
 3.36354E+03	 9.29267E+02
 3.36598E+03	 9.28667E+02
 3.36842E+03	 9.30000E+02
 3.37086E+03	 9.28733E+02
 3.37329E+03	 9.28600E+02
 3.37573E+03	 9.28000E+02
 3.37816E+03	 9.26467E+02
 3.38059E+03	 9.25733E+02
 3.38303E+03	 9.25267E+02
 3.38546E+03	 9.26933E+02
 3.38789E+03	 9.28533E+02
 3.39032E+03	 9.29000E+02
 3.39275E+03	 9.27267E+02
 3.39518E+03	 9.26133E+02
 3.39761E+03	 9.25800E+02
 3.40003E+03	 9.28400E+02
 3.40246E+03	 9.28400E+02
 3.40489E+03	 9.26400E+02
 3.40731E+03	 9.26533E+02
 3.40974E+03	 9.24533E+02
 3.41216E+03	 9.25333E+02
 3.41458E+03	 9.24800E+02
 3.41700E+03	 9.24867E+02
 3.41943E+03	 9.25333E+02
 3.42185E+03	 9.26200E+02
 3.42427E+03	 9.25933E+02
 3.42669E+03	 9.24067E+02
 3.42910E+03	 9.25800E+02
 3.43152E+03	 9.24800E+02
 3.43394E+03	 9.24333E+02
 3.43636E+03	 9.23933E+02
 3.43877E+03	 9.22867E+02
 3.44119E+03	 9.22733E+02
 3.44360E+03	 9.23067E+02
 3.44601E+03	 9.24400E+02
 3.44843E+03	 9.22533E+02
 3.45084E+03	 9.22600E+02
 3.45325E+03	 9.23200E+02
 3.45566E+03	 9.21333E+02
 3.45807E+03	 9.21267E+02
 3.46048E+03	 9.23333E+02
 3.46289E+03	 9.23400E+02
 3.46529E+03	 9.23067E+02
 3.46770E+03	 9.23000E+02
 3.47010E+03	 9.20867E+02
 3.47251E+03	 9.21800E+02
 3.47491E+03	 9.21333E+02
 3.47732E+03	 9.20733E+02
 3.47972E+03	 9.20667E+02
 3.48212E+03	 9.22533E+02
 3.48452E+03	 9.21867E+02
 3.48693E+03	 9.22000E+02
 3.48933E+03	 9.21667E+02
 3.49172E+03	 9.22000E+02
 3.49412E+03	 9.22133E+02
 3.49652E+03	 9.22200E+02
 3.49892E+03	 9.20933E+02
 3.50131E+03	 9.20200E+02
 3.50371E+03	 9.20733E+02
 3.50610E+03	 9.19933E+02
 3.50850E+03	 9.21067E+02
 3.51089E+03	 9.20600E+02
 3.51328E+03	 9.19267E+02
 3.51568E+03	 9.19267E+02
 3.51807E+03	 9.20200E+02
 3.52046E+03	 9.19533E+02
 3.52285E+03	 9.19800E+02
 3.52524E+03	 9.19200E+02
 3.52762E+03	 9.19400E+02
 3.53001E+03	 9.19400E+02
 3.53240E+03	 9.19200E+02
 3.53479E+03	 9.18800E+02
 3.53717E+03	 9.20267E+02
 3.53955E+03	 9.20133E+02
 3.54194E+03	 9.20267E+02
 3.54432E+03	 9.20000E+02
 3.54670E+03	 9.19733E+02
 3.54909E+03	 9.18333E+02
 3.55147E+03	 9.17333E+02
 3.55385E+03	 9.18133E+02
 3.55623E+03	 9.18333E+02
 3.55861E+03	 9.19267E+02
 3.56098E+03	 9.19800E+02
 3.56336E+03	 9.18333E+02
 3.56574E+03	 9.16867E+02
 3.56811E+03	 9.17267E+02
 3.57049E+03	 9.17333E+02
 3.57286E+03	 9.16000E+02
 3.57524E+03	 9.18733E+02
 3.57761E+03	 9.19000E+02
 3.57998E+03	 9.16400E+02
 3.58235E+03	 9.16933E+02
 3.58472E+03	 9.16400E+02
 3.58709E+03	 9.17133E+02
 3.58946E+03	 9.16800E+02
 3.59183E+03	 9.16133E+02
 3.59420E+03	 9.17000E+02
 3.59657E+03	 9.17067E+02
 3.59893E+03	 9.16067E+02
 3.60130E+03	 9.16867E+02
 3.60366E+03	 9.16600E+02
 3.60603E+03	 9.14800E+02
 3.60839E+03	 9.16133E+02
 3.61075E+03	 9.15933E+02
 3.61312E+03	 9.15333E+02
 3.61548E+03	 9.15133E+02
 3.61784E+03	 9.15467E+02
 3.62020E+03	 9.14600E+02
 3.62256E+03	 9.12600E+02
 3.62492E+03	 9.13933E+02
 3.62727E+03	 9.14333E+02
 3.62963E+03	 9.15133E+02
 3.63199E+03	 9.14933E+02
 3.63434E+03	 9.15133E+02
 3.63670E+03	 9.15400E+02
 3.63905E+03	 9.13733E+02
 3.64141E+03	 9.12400E+02
 3.64376E+03	 9.13200E+02
 3.64611E+03	 9.13667E+02
 3.64846E+03	 9.11400E+02
 3.65081E+03	 9.12867E+02
 3.65316E+03	 9.13533E+02
 3.65551E+03	 9.13533E+02
 3.65786E+03	 9.14000E+02
 3.66021E+03	 9.13800E+02
 3.66255E+03	 9.12600E+02
 3.66490E+03	 9.14267E+02
 3.66725E+03	 9.13600E+02
 3.66959E+03	 9.13400E+02
 3.67194E+03	 9.13200E+02
 3.67428E+03	 9.12400E+02
 3.67662E+03	 9.12133E+02
 3.67896E+03	 9.11933E+02
 3.68131E+03	 9.12067E+02
 3.68365E+03	 9.13133E+02
 3.68599E+03	 9.11733E+02
 3.68833E+03	 9.11000E+02
 3.69066E+03	 9.11533E+02
 3.69300E+03	 9.12800E+02
 3.69534E+03	 9.12267E+02
 3.69768E+03	 9.11667E+02
 3.70001E+03	 9.10800E+02
 3.70235E+03	 9.10133E+02
 3.70468E+03	 9.11400E+02
 3.70701E+03	 9.11800E+02
 3.70935E+03	 9.11067E+02
 3.71168E+03	 9.10933E+02
 3.71401E+03	 9.10000E+02
 3.71634E+03	 9.11267E+02
 3.71867E+03	 9.10133E+02
 3.72100E+03	 9.10067E+02
 3.72333E+03	 9.11000E+02
 3.72566E+03	 9.09533E+02
 3.72798E+03	 9.10133E+02
 3.73031E+03	 9.10000E+02
 3.73264E+03	 9.10600E+02
 3.73496E+03	 9.10933E+02
 3.73729E+03	 9.09667E+02
 3.73961E+03	 9.09200E+02
 3.74193E+03	 9.07800E+02
 3.74425E+03	 9.08933E+02
 3.74658E+03	 9.09533E+02
 3.74890E+03	 9.09267E+02
 3.75122E+03	 9.09867E+02
 3.75354E+03	 9.09600E+02
 3.75586E+03	 9.09600E+02
 3.75817E+03	 9.09333E+02
 3.76049E+03	 9.08867E+02
 3.76281E+03	 9.09533E+02
 3.76512E+03	 9.09133E+02
 3.76744E+03	 9.08667E+02
 3.76975E+03	 9.08400E+02
 3.77207E+03	 9.07200E+02
 3.77438E+03	 9.08400E+02
 3.77669E+03	 9.07933E+02
 3.77900E+03	 9.08867E+02
 3.78132E+03	 9.08067E+02
 3.78363E+03	 9.08200E+02
 3.78594E+03	 9.08067E+02
 3.78824E+03	 9.08667E+02
 3.79055E+03	 9.08600E+02
 3.79286E+03	 9.08800E+02
 3.79517E+03	 9.07533E+02
 3.79747E+03	 9.07200E+02
 3.79978E+03	 9.06400E+02
 3.80208E+03	 9.08133E+02
 3.80439E+03	 9.07867E+02
 3.80669E+03	 9.08600E+02
 3.80899E+03	 9.06933E+02
 3.81130E+03	 9.05667E+02
 3.81360E+03	 9.07267E+02
 3.81590E+03	 9.07333E+02
 3.81820E+03	 9.06600E+02
 3.82050E+03	 9.06733E+02
 3.82280E+03	 9.07067E+02
 3.82509E+03	 9.06467E+02
 3.82739E+03	 9.06467E+02
 3.82969E+03	 9.07333E+02
 3.83198E+03	 9.07333E+02
 3.83428E+03	 9.06733E+02
 3.83657E+03	 9.06733E+02
 3.83887E+03	 9.05933E+02
 3.84116E+03	 9.05533E+02
 3.84345E+03	 9.06333E+02
 3.84574E+03	 9.05533E+02
 3.84803E+03	 9.05200E+02
 3.85032E+03	 9.06133E+02
 3.85261E+03	 9.05800E+02
 3.85490E+03	 9.04600E+02
 3.85719E+03	 9.05000E+02
 3.85948E+03	 9.03467E+02
 3.86176E+03	 9.04200E+02
 3.86405E+03	 9.04133E+02
 3.86634E+03	 9.05467E+02
 3.86862E+03	 9.05533E+02
 3.87091E+03	 9.04400E+02
 3.87319E+03	 9.03867E+02
 3.87547E+03	 9.03733E+02
 3.87775E+03	 9.04067E+02
 3.88003E+03	 9.05067E+02
 3.88231E+03	 9.04400E+02
 3.88459E+03	 9.04133E+02
 3.88687E+03	 9.04067E+02
 3.88915E+03	 9.03533E+02
 3.89143E+03	 9.04067E+02
 3.89371E+03	 9.04667E+02
 3.89598E+03	 9.04667E+02
 3.89826E+03	 9.03400E+02
 3.90054E+03	 9.03133E+02
 3.90281E+03	 9.03600E+02
 3.90508E+03	 9.03533E+02
 3.90736E+03	 9.02933E+02
 3.90963E+03	 9.02400E+02
 3.91190E+03	 9.03400E+02
 3.91417E+03	 9.03000E+02
 3.91644E+03	 9.03000E+02
 3.91871E+03	 9.03200E+02
 3.92098E+03	 9.02267E+02
 3.92325E+03	 9.04333E+02
 3.92552E+03	 9.03800E+02
 3.92778E+03	 9.02800E+02
 3.93005E+03	 9.02933E+02
 3.93232E+03	 9.02067E+02
 3.93458E+03	 9.01933E+02
 3.93684E+03	 9.02533E+02
 3.93911E+03	 9.03867E+02
 3.94137E+03	 9.03333E+02
 3.94363E+03	 9.01800E+02
 3.94589E+03	 9.02200E+02
 3.94816E+03	 9.02267E+02
 3.95042E+03	 9.02200E+02
 3.95268E+03	 9.02467E+02
 3.95493E+03	 9.01867E+02
 3.95719E+03	 9.03000E+02
 3.95945E+03	 9.01733E+02
 3.96171E+03	 9.01000E+02
 3.96396E+03	 9.01400E+02
 3.96622E+03	 9.01467E+02
 3.96847E+03	 9.01267E+02
 3.97073E+03	 9.02200E+02
 3.97298E+03	 9.02000E+02
 3.97523E+03	 9.00667E+02
 3.97749E+03	 9.01933E+02
 3.97974E+03	 9.02000E+02
 3.98199E+03	 9.01933E+02
 3.98424E+03	 9.01600E+02
 3.98649E+03	 9.02067E+02
 3.98874E+03	 9.00733E+02
 3.99098E+03	 9.01200E+02
 3.99323E+03	 9.01600E+02
 3.99548E+03	 9.01333E+02
 3.99772E+03	 9.02133E+02
 3.99997E+03	 9.00467E+02
 4.00221E+03	 9.00067E+02
 4.00446E+03	 9.00933E+02
 4.00670E+03	 9.00933E+02
 4.00894E+03	 9.00267E+02
 4.01119E+03	 9.01467E+02
 4.01343E+03	 9.01800E+02
 4.01567E+03	 9.00800E+02
 4.01791E+03	 9.01467E+02
 4.02015E+03	 9.01333E+02
 4.02239E+03	 9.01133E+02
 4.02462E+03	 9.01067E+02
 4.02686E+03	 9.02200E+02
 4.02910E+03	 9.01333E+02
 4.03133E+03	 9.00733E+02
 4.03357E+03	 9.01267E+02
 4.03580E+03	 9.01000E+02
 4.03804E+03	 9.01067E+02
 4.04027E+03	 9.00200E+02
 4.04250E+03	 9.00733E+02
 4.04474E+03	 8.99667E+02
 4.04697E+03	 8.99333E+02
 4.04920E+03	 8.99533E+02
 4.05143E+03	 8.99933E+02
 4.05366E+03	 9.00267E+02
 4.05589E+03	 9.01000E+02
 4.05811E+03	 9.00800E+02
 4.06034E+03	 9.00667E+02
 4.06257E+03	 8.99667E+02
 4.06479E+03	 8.99800E+02
 4.06702E+03	 8.99000E+02
 4.06924E+03	 8.99467E+02
 4.07147E+03	 9.00333E+02
 4.07369E+03	 9.00000E+02
 4.07591E+03	 9.01067E+02
 4.07814E+03	 8.99133E+02
 4.08036E+03	 8.99200E+02
 4.08258E+03	 8.99200E+02
 4.08480E+03	 8.99000E+02
 4.08702E+03	 8.98867E+02
 4.08924E+03	 8.99667E+02
 4.09145E+03	 8.98600E+02
 4.09367E+03	 8.99133E+02
 4.09589E+03	 8.97933E+02
 4.09810E+03	 8.98133E+02
 4.10032E+03	 8.98267E+02
 4.10253E+03	 8.98133E+02
 4.10475E+03	 8.98400E+02
 4.10696E+03	 8.99467E+02
 4.10918E+03	 8.99533E+02
 4.11139E+03	 8.97000E+02
 4.11360E+03	 8.97467E+02
 4.11581E+03	 8.97933E+02
 4.11802E+03	 8.98667E+02
 4.12023E+03	 8.97733E+02
 4.12244E+03	 8.97800E+02
 4.12465E+03	 8.97600E+02
 4.12685E+03	 8.98333E+02
 4.12906E+03	 8.97200E+02
 4.13127E+03	 8.97600E+02
 4.13347E+03	 8.98333E+02
 4.13568E+03	 8.97733E+02
 4.13788E+03	 8.98800E+02
 4.14009E+03	 8.97400E+02
 4.14229E+03	 8.98133E+02
 4.14449E+03	 8.98600E+02
 4.14669E+03	 8.97000E+02
 4.14889E+03	 8.96600E+02
 4.15109E+03	 8.98400E+02
 4.15329E+03	 8.97133E+02
 4.15549E+03	 8.97667E+02
 4.15769E+03	 8.98000E+02
 4.15989E+03	 8.97600E+02
 4.16209E+03	 8.98067E+02
 4.16428E+03	 8.98267E+02
 4.16648E+03	 8.97667E+02
 4.16867E+03	 8.97533E+02
 4.17087E+03	 8.97667E+02
 4.17306E+03	 8.98200E+02
 4.17526E+03	 8.98667E+02
 4.17745E+03	 8.99333E+02
 4.17964E+03	 8.98533E+02
 4.18183E+03	 8.98800E+02
 4.18402E+03	 8.99600E+02
 4.18621E+03	 9.00133E+02
 4.18840E+03	 8.99067E+02
 4.19059E+03	 8.98800E+02
 4.19278E+03	 8.99467E+02
 4.19497E+03	 9.00267E+02
 4.19715E+03	 8.98800E+02
 4.19934E+03	 9.00400E+02
 4.20152E+03	 9.00133E+02
 4.20371E+03	 8.98800E+02
 4.20589E+03	 8.99067E+02
 4.20808E+03	 9.00067E+02
 4.21026E+03	 8.99733E+02
 4.21244E+03	 8.99600E+02
 4.21462E+03	 8.99400E+02
 4.21680E+03	 9.00200E+02
 4.21898E+03	 9.01067E+02
 4.22116E+03	 9.01533E+02
 4.22334E+03	 9.00867E+02
 4.22552E+03	 9.01933E+02
 4.22770E+03	 9.03667E+02
 4.22988E+03	 9.03133E+02
 4.23205E+03	 9.02800E+02
 4.23423E+03	 9.03267E+02
 4.23640E+03	 9.03733E+02
 4.23858E+03	 9.04533E+02
 4.24075E+03	 9.05267E+02
 4.24292E+03	 9.04933E+02
 4.24510E+03	 9.05333E+02
 4.24727E+03	 9.05600E+02
 4.24944E+03	 9.06600E+02
 4.25161E+03	 9.06600E+02
 4.25378E+03	 9.06267E+02
 4.25595E+03	 9.06933E+02
 4.25812E+03	 9.07933E+02
 4.26029E+03	 9.09067E+02
 4.26245E+03	 9.09067E+02
 4.26462E+03	 9.11000E+02
 4.26679E+03	 9.10600E+02
 4.26895E+03	 9.09867E+02
 4.27112E+03	 9.11800E+02
 4.27328E+03	 9.11867E+02
 4.27545E+03	 9.11733E+02
 4.27761E+03	 9.11333E+02
 4.27977E+03	 9.13133E+02
 4.28193E+03	 9.14600E+02
 4.28409E+03	 9.14733E+02
 4.28625E+03	 9.14733E+02
 4.28841E+03	 9.15533E+02
 4.29057E+03	 9.16733E+02
 4.29273E+03	 9.16133E+02
 4.29489E+03	 9.16067E+02
 4.29705E+03	 9.16133E+02
 4.29920E+03	 9.17467E+02
 4.30136E+03	 9.17133E+02
 4.30352E+03	 9.16267E+02
 4.30567E+03	 9.16800E+02
 4.30782E+03	 9.16867E+02
 4.30998E+03	 9.17733E+02
 4.31213E+03	 9.16133E+02
 4.31428E+03	 9.16000E+02
 4.31643E+03	 9.16600E+02
 4.31859E+03	 9.15800E+02
 4.32074E+03	 9.11800E+02
 4.32289E+03	 9.11600E+02
 4.32503E+03	 9.11867E+02
 4.32718E+03	 9.12600E+02
 4.32933E+03	 9.10933E+02
 4.33148E+03	 9.10267E+02
 4.33362E+03	 9.08333E+02
 4.33577E+03	 9.08933E+02
 4.33792E+03	 9.06467E+02
 4.34006E+03	 9.04733E+02
 4.34220E+03	 9.06267E+02
 4.34435E+03	 9.04733E+02
 4.34649E+03	 9.03800E+02
 4.34863E+03	 9.02867E+02
 4.35077E+03	 9.01067E+02
 4.35291E+03	 9.00333E+02
 4.35505E+03	 8.98600E+02
 4.35719E+03	 8.98267E+02
 4.35933E+03	 8.97400E+02
 4.36147E+03	 8.96000E+02
 4.36361E+03	 8.95333E+02
 4.36575E+03	 8.94533E+02
 4.36788E+03	 8.95000E+02
 4.37002E+03	 8.94533E+02
 4.37215E+03	 8.95000E+02
 4.37429E+03	 8.93800E+02
 4.37642E+03	 8.92600E+02
 4.37856E+03	 8.92333E+02
 4.38069E+03	 8.92600E+02
 4.38282E+03	 8.91867E+02
 4.38495E+03	 8.91800E+02
 4.38708E+03	 8.92467E+02
 4.38921E+03	 8.91733E+02
 4.39134E+03	 8.91333E+02
 4.39347E+03	 8.90733E+02
 4.39560E+03	 8.91200E+02
 4.39773E+03	 8.90667E+02
 4.39986E+03	 8.90600E+02
 4.40198E+03	 8.90333E+02
 4.40411E+03	 8.91200E+02
 4.40623E+03	 8.91267E+02
 4.40836E+03	 8.90200E+02
 4.41048E+03	 8.89933E+02
 4.41260E+03	 8.89667E+02
 4.41473E+03	 8.89800E+02
 4.41685E+03	 8.90200E+02
 4.41897E+03	 8.90000E+02
 4.42109E+03	 8.91000E+02
 4.42321E+03	 8.89400E+02
 4.42533E+03	 8.89333E+02
 4.42745E+03	 8.88333E+02
 4.42957E+03	 8.88533E+02
 4.43169E+03	 8.89267E+02
 4.43380E+03	 8.90333E+02
 4.43592E+03	 8.88800E+02
 4.43804E+03	 8.88133E+02
 4.44015E+03	 8.87267E+02
 4.44227E+03	 8.87867E+02
 4.44438E+03	 8.88600E+02
 4.44649E+03	 8.88933E+02
 4.44861E+03	 8.87867E+02
 4.45072E+03	 8.87600E+02
 4.45283E+03	 8.87933E+02
 4.45494E+03	 8.87867E+02
 4.45705E+03	 8.87000E+02
 4.45916E+03	 8.87933E+02
 4.46127E+03	 8.88133E+02
 4.46338E+03	 8.88400E+02
 4.46549E+03	 8.91867E+02
 4.46760E+03	 1.97273E+03
 4.46970E+03	 1.15793E+03
 4.47181E+03	 9.48000E+02
 4.47391E+03	 8.93733E+02
 4.47602E+03	 8.88133E+02
 4.47812E+03	 8.88200E+02
 4.48023E+03	 8.88800E+02
 4.48233E+03	 8.86333E+02
 4.48443E+03	 8.87200E+02
 4.48653E+03	 8.86733E+02
 4.48864E+03	 8.86333E+02
 4.49074E+03	 8.86600E+02
 4.49284E+03	 8.86933E+02
 4.49494E+03	 8.87000E+02
 4.49703E+03	 8.86733E+02
 4.49913E+03	 8.86533E+02
 4.50123E+03	 8.86800E+02
 4.50333E+03	 8.86133E+02
 4.50542E+03	 8.86267E+02
 4.50752E+03	 8.87200E+02
 4.50961E+03	 8.87733E+02
 4.51171E+03	 8.85933E+02
 4.51380E+03	 8.85867E+02
 4.51590E+03	 8.85667E+02
 4.51799E+03	 8.85467E+02
 4.52008E+03	 8.85000E+02
 4.52217E+03	 8.85333E+02
 4.52426E+03	 8.85867E+02
 4.52635E+03	 8.85933E+02
 4.52844E+03	 8.85867E+02
 4.53053E+03	 8.85933E+02
 4.53262E+03	 8.85333E+02
 4.53471E+03	 8.85600E+02
 4.53679E+03	 8.85400E+02
 4.53888E+03	 8.85200E+02
 4.54097E+03	 8.85333E+02
 4.54305E+03	 8.84800E+02
 4.54514E+03	 8.85200E+02
 4.54722E+03	 8.84800E+02
 4.54930E+03	 8.85200E+02
 4.55139E+03	 8.85200E+02
 4.55347E+03	 8.83733E+02
 4.55555E+03	 8.84933E+02
 4.55763E+03	 8.84733E+02
 4.55971E+03	 8.84467E+02
 4.56179E+03	 8.84067E+02
 4.56387E+03	 8.84867E+02
 4.56595E+03	 8.85133E+02
 4.56803E+03	 8.84467E+02
 4.57011E+03	 8.85667E+02
 4.57218E+03	 8.86000E+02
 4.57426E+03	 8.84733E+02
 4.57634E+03	 8.84200E+02
 4.57841E+03	 8.84067E+02
 4.58049E+03	 8.84933E+02
 4.58256E+03	 8.84733E+02
 4.58463E+03	 8.84400E+02
 4.58671E+03	 8.84800E+02
 4.58878E+03	 8.84400E+02
 4.59085E+03	 8.84067E+02
 4.59292E+03	 8.83667E+02
 4.59499E+03	 8.83800E+02
 4.59706E+03	 8.83933E+02
 4.59913E+03	 8.83867E+02
 4.60120E+03	 8.84067E+02
 4.60327E+03	 8.84933E+02
 4.60533E+03	 8.84333E+02
 4.60740E+03	 8.84400E+02
 4.60947E+03	 8.83733E+02
 4.61153E+03	 8.84200E+02
 4.61360E+03	 8.83800E+02
 4.61566E+03	 8.82533E+02
 4.61772E+03	 8.83467E+02
 4.61979E+03	 8.84000E+02
 4.62185E+03	 8.83667E+02
 4.62391E+03	 8.83533E+02
 4.62597E+03	 8.83600E+02
 4.62803E+03	 8.83467E+02
 4.63009E+03	 8.83867E+02
 4.63215E+03	 8.83667E+02
 4.63421E+03	 8.83733E+02
 4.63627E+03	 8.83733E+02
 4.63833E+03	 8.82600E+02
 4.64039E+03	 8.82400E+02
 4.64244E+03	 8.83000E+02
 4.64450E+03	 8.83800E+02
 4.64655E+03	 8.82733E+02
 4.64861E+03	 8.83133E+02
 4.65066E+03	 8.83600E+02
 4.65272E+03	 8.83200E+02
 4.65477E+03	 8.82400E+02
 4.65682E+03	 8.83333E+02
 4.65887E+03	 8.83000E+02
 4.66093E+03	 8.82800E+02
 4.66298E+03	 8.83600E+02
 4.66503E+03	 8.83667E+02
 4.66708E+03	 8.83400E+02
 4.66912E+03	 8.83467E+02
 4.67117E+03	 8.83000E+02
 4.67322E+03	 8.83400E+02
 4.67527E+03	 8.82200E+02
 4.67731E+03	 8.82800E+02
 4.67936E+03	 8.82133E+02
 4.68141E+03	 8.82800E+02
 4.68345E+03	 8.83133E+02
 4.68549E+03	 8.82467E+02
 4.68754E+03	 8.82133E+02
 4.68958E+03	 8.82467E+02
 4.69162E+03	 8.82933E+02
