2320.33653 873.00195
2325.77678 873.00663
2331.21743 873.01283
2336.65652 873.01294
2339.91998 873.01301
2347.53162 873.00100
2355.14752 873.00572
2360.58855 873.01344
2363.85201 873.01351
2373.63852 872.99849
2379.07954 873.00621
2383.97666 873.01392
2397.57569 873.01928
2404.10132 873.01434
2409.54544 873.03423
2414.99034 873.05717
2420.43987 873.09837
2425.35003 873.15743
2432.99906 873.29263
2436.28345 873.37512
2442.30484 873.52639
2447.74896 873.54628
2453.17531 873.49618
2458.59547 873.42173
2464.01524 873.34577
2469.44313 873.30175
2474.87411 873.26991
2480.30355 873.23199
2485.73569 873.20471
2491.16976 873.18504
2496.60731 873.17907
2502.04371 873.16853
2507.48319 873.17016
2512.92538 873.18245
2518.37182 873.21147
2523.82367 873.26180
2529.28170 873.33647
2533.86832 873.40656
2539.11574 873.50861
2542.83326 873.58325
2546.11759 873.66548
2548.42336 873.74959
2550.61784 873.82382
2552.81183 873.89614
2555.11577 873.97303
2558.29150 874.05602
2561.57847 874.14865
2564.75891 874.25016
2567.17491 874.33998
2570.35123 874.42525
2573.52909 874.51661
2575.94354 874.60035
2578.79506 874.69171
2581.86285 874.77799
2586.23088 874.84402
2590.38082 874.90801
2593.23427 875.00697
2595.54207 875.09908
2597.73896 875.18281
2599.93585 875.26654
2602.13178 875.34647
2604.32674 875.42260
2606.63048 875.49872
2609.80674 875.58374
2613.09660 875.68779
2614.75715 875.80131
2617.51679 875.95923
2616.40579 875.86791
2618.07906 876.03152
2619.46154 876.12094
2620.57496 876.22177
2621.68500 876.30928
2622.74837 876.42723
2623.87059 876.56267
2624.99202 876.69507
2626.11076 876.81682
2627.23297 876.95227
2628.13157 877.06387
2629.24466 877.16343
2630.79940 877.28861
2631.91658 877.40427
2633.03377 877.51994
2634.26045 877.63839
2634.83592 877.76267
2635.95272 877.87681
2637.30660 878.06780
2637.06405 877.96940
2638.42766 878.19868
2637.02605 877.81977
2639.87634 878.33464
2641.17960 878.46907
2642.00722 878.58676
2643.78386 878.72906
2642.67962 878.66437
2645.11842 878.84397
2647.10335 878.94976
2651.04018 879.03125
2654.10578 879.10891
2656.95459 879.18961
2659.36712 879.26574
2661.57096 879.37686
2665.18569 879.47508
2668.14309 879.55503
2672.28917 879.60380
2676.07451 879.51715
2678.23325 879.45063
2680.39101 879.38030
2679.82005 879.27377
2683.03392 879.07857
2684.10435 879.01012
2686.47304 878.69951
2686.24263 878.86308
2686.22331 878.78700
2687.26475 878.60443
2688.10294 878.47816
2689.15829 878.35037
2690.43498 878.23741
2692.03789 878.12396
2693.09995 878.02255
2693.62486 877.94774
2694.68859 877.85292
2695.75348 877.76266
2695.73480 877.68912
2696.79396 877.57629
2697.84926 877.44824
2697.55412 877.35694
2698.88491 877.24285
2699.94503 877.13383
2699.92571 877.05775
2700.99292 876.97662
2700.97424 876.90307
2702.04209 876.82448
2702.02342 876.75094
2703.09127 876.67234
2703.07195 876.59626
2704.14045 876.52021
2703.84627 876.43271
2705.18962 876.36807
2704.89545 876.28057
2706.23880 876.21593
2705.94462 876.12844
2707.28797 876.06380
2707.26930 875.99025
2708.33715 875.91166
2708.31847 875.83812
2709.11051 875.74430
2710.44967 875.66318
2710.43035 875.58710
2709.87323 875.53510
2711.47856 875.43116
2712.53308 875.30007
2713.59720 875.20677
2713.30528 875.12815
2714.63349 875.00391
2715.41812 874.88093
2716.75889 874.80615
2716.73957 874.73007
2717.53193 874.63752
2718.86562 874.53484
2718.84307 874.44608
2720.17998 874.35608
2720.69974 874.26099
2722.25196 874.16212
2723.36567 874.04993
2724.42934 873.95485
2725.87365 873.85940
2726.83056 873.77231
2728.87278 873.67535
2730.32105 873.59550
2732.74763 873.51281
2735.33439 873.41834
2738.36174 873.34537
2743.02033 873.27052
2747.89977 873.20862
2753.32572 873.15700
2758.75593 873.12211
2764.18846 873.09636
2769.62331 873.07974
2775.05893 873.06615
2780.49532 873.05562
2785.93248 873.04812
2791.37081 873.04519
2796.26599 873.04529
2803.33489 873.03783
2808.77089 873.02577
2814.20960 873.02436
2819.65218 873.03817
2822.91563 873.03824
2835.96406 873.01720
2840.85886 873.01578
2858.80942 873.02224
2864.24697 873.01627
2868.05241 873.00874
2889.26489 873.00918
2894.16007 873.00928